0,200,1615007871136182,239839
0,200,1615007871137548,120563
0,200,1615007871139331,255610
0,200,1615007871148746,251523
0,200,1615007871166369,259991
0,200,1615007871168061,262636
0,200,1615007871178955,172236
0,200,1615007871179718,249282
0,200,1615007871179840,286267
0,200,1615007871194108,299996
0,200,1615007871197361,253659
0,200,1615007871198614,224386
0,200,1615007871202012,296304
0,200,1615007871204236,224387
0,200,1615007871237721,118179
0,200,1615007871279499,349534
0,200,1615007871306419,366910
0,200,1615007871311366,395278
0,200,1615007871331517,239083
0,200,1615007871354390,302911
0,200,1615007871355422,379920
0,200,1615007871362803,363877
0,200,1615007871376337,459603
0,200,1615007871376570,211586
0,200,1615007871402395,411311
0,200,1615007871425250,285930
0,200,1615007871425356,418064
0,200,1615007871434902,313821
0,200,1615007871473172,377860
0,200,1615007871504104,299891
0,200,1615007871538155,367180
0,200,1615007871610871,689280
0,200,1615007871610945,618283
0,200,1615007871611357,408518
0,200,1615007871619383,399177
0,200,1615007871619557,503107
0,200,1615007871641053,525018
0,200,1615007871675675,669400
0,200,1615007871715338,649586
0,200,1615007871715505,643695
0,200,1615007871715736,355412
0,200,1615007871720815,505621
0,200,1615007871734269,710611
0,200,1615007871739172,490697
0,200,1615007871774117,386221
0,200,1615007871775807,678750
0,200,1615007871782382,641884
0,200,1615007871792007,588637
0,200,1615007871802048,740909
0,200,1615007871805616,805012
0,200,1615007871808185,769707
0,200,1615007871811506,632569
0,200,1615007871869178,309945
0,200,1615007871901995,741035
0,200,1615007871927931,680096
0,200,1615007871940651,813364
0,200,1615007871942733,845047
0,200,1615007871946462,719319
0,200,1615007871948771,705094
0,200,1615007871949487,296634
0,200,1615007872075810,799129
0,200,1615007872113694,897973
0,200,1615007872114188,981591
0,200,1615007872114445,780910
0,200,1615007872115659,864194
0,200,1615007872115989,856863
0,200,1615007872116187,843573
0,200,1615007872119840,851759
0,200,1615007872119972,1074118
0,200,1615007872299072,896692
0,200,1615007872299386,908720
0,200,1615007872299613,1173724
0,200,1615007872300077,841400
0,200,1615007872301223,1144679
0,200,1615007872301661,978726
0,200,1615007872319982,1018206
0,200,1615007872320297,1266457
0,200,1615007872320637,577132
0,200,1615007872321562,933291
0,200,1615007872322901,888414
0,200,1615007872323054,1044778
0,200,1615007872364999,819715
0,200,1615007872390853,623794
0,200,1615007872411795,1282966
0,200,1615007872418588,885139
0,200,1615007872424305,875578
0,200,1615007872524190,1378629
0,200,1615007872532927,708331
0,200,1615007872562355,939365
0,200,1615007872595238,1420701
0,200,1615007872615923,971253
0,200,1615007872699871,1059659
0,200,1615007872707723,1375528
0,200,1615007872713240,870281
0,200,1615007872715208,1493470
0,200,1615007872735708,1295446
0,200,1615007872738021,968299
0,200,1615007872851051,1115997
0,200,1615007872895357,1539472
0,200,1615007872896129,1040727
0,200,1615007872896560,1494552
0,200,1615007872898976,1505422
0,200,1615007872923395,1479266
0,200,1615007872948492,1713685
0,200,1615007872956895,1550080
0,200,1615007872990144,1213814
0,200,1615007873051883,1644557
0,200,1615007873061639,1153461
0,200,1615007873061942,1311722
0,200,1615007873075846,1676355
0,200,1615007873096624,1823567
0,200,1615007873140734,1316512
0,200,1615007873198975,1741054
0,200,1615007873201603,1753607
0,200,1615007873229303,1792386
0,500,1615007873260903,1924971
0,500,1615007873270327,2127077
0,500,1615007873278793,1795888
0,500,1615007873878124,2192996
0,500,1615007873888983,1866824
0,500,1615007873893538,2128271
0,500,1615007873895760,2112307
0,500,1615007873902544,1994027
0,500,1615007873916507,2508725
0,500,1615007873930645,2421093
0,500,1615007873957925,2041952
0,500,1615007873965454,2813259
0,500,1615007873973755,2442567
0,500,1615007873988101,2627951
0,500,1615007873988262,2139708
0,500,1615007873988431,2429065
0,500,1615007874005788,2289685
0,500,1615007874022468,2661839
0,500,1615007874032931,2587881
0,500,1615007874039672,2596817
0,500,1615007874058466,2487893
0,500,1615007874117191,2304761
0,500,1615007874127701,2551467
0,500,1615007874146187,2196341
0,500,1615007874169373,2198780
0,500,1615007874219188,2763871
0,500,1615007874219970,2733639
0,500,1615007874220136,2202865
0,500,1615007874220360,2076731
0,500,1615007874220607,1963126
0,500,1615007874227392,1926179
0,500,1615007874245280,2292005
0,500,1615007874258463,2844610
0,500,1615007874282191,3123013
0,500,1615007874295410,2903246
0,500,1615007874303281,2489818
0,500,1615007874304084,2723640
0,500,1615007874304194,2259575
0,500,1615007874343493,2017927
0,500,1615007874359823,2746029
0,500,1615007874377336,1958385
0,500,1615007874406908,2935225
0,500,1615007874411006,2766826
0,500,1615007874411168,2938831
0,500,1615007874428624,2342090
0,500,1615007874429451,2592365
0,500,1615007874459020,2436423
0,500,1615007874503815,3081621
0,500,1615007874660390,3375016
0,500,1615007874662457,2759824
0,500,1615007874785166,3263865
0,500,1615007874790361,3265661
0,500,1615007874799123,2477573
0,500,1615007874802968,2476436
0,500,1615007874805016,3300938
0,500,1615007874805123,2302469
0,500,1615007874805304,2280709
0,500,1615007874805670,3187138
0,500,1615007874806290,2831027
0,500,1615007874806446,2791896
0,500,1615007874806509,3378790
0,500,1615007874806541,3291415
0,500,1615007874806615,3145846
0,500,1615007874808338,2721389
0,500,1615007874898595,2766906
0,500,1615007874914748,3387342
0,500,1615007874926178,2153000
0,500,1615007874936409,3152032
0,500,1615007874939710,3423180
0,500,1615007874954961,3526746
0,500,1615007874964307,2835261
0,500,1615007874971240,3275619
0,500,1615007875038264,3717229
0,500,1615007875069723,3268378
0,500,1615007875101179,3572231
0,500,1615007875103621,3545193
0,500,1615007875115841,2724483
0,500,1615007875119350,2318076
0,500,1615007875154035,3339923
0,500,1615007875183999,3729851
0,500,1615007875191732,3328257
0,500,1615007875192981,2936498
0,500,1615007875240757,3615050
0,500,1615007875241959,2894985
0,500,1615007875245296,3591001
0,500,1615007875260538,3506833
0,500,1615007875283449,2423213
0,500,1615007875303494,3046497
0,500,1615007875307116,3379207
0,500,1615007875350969,3890884
0,500,1615007875363566,3800642
0,500,1615007875363999,3635177
0,500,1615007875364200,3409498
0,500,1615007875381254,2920777
0,500,1615007875408205,3044573
0,500,1615007875416222,2517258
0,500,1615007875436900,3955007
0,500,1615007875449966,3486356
0,500,1615007875450060,3541084
0,500,1615007875452359,3811050
0,500,1615007875460227,3160621
0,500,1615007875491173,3906303
0,500,1615007875503551,2938890
0,500,1615007875535430,3538492
0,500,1615007875535585,3771612
0,500,1615007875539097,3087154
0,500,1615007875555978,3556449
0,500,1615007875564808,3906893
0,500,1615007875586164,2860813
0,500,1615007875593543,2527473
0,500,1615007875610481,3488200
0,500,1615007875614366,4058664
0,500,1615007875643910,3819002
0,500,1615007875679032,4012258
0,500,1615007875702407,2564230
0,500,1615007875721364,3786734
0,500,1615007875727668,4042765
0,500,1615007875748602,3424584
0,500,1615007875770479,3261791
0,500,1615007875783814,4202919
0,500,1615007875808911,2912360
0,500,1615007875820546,2675663
0,500,1615007875836556,3933416
0,500,1615007875839119,3683302
0,500,1615007875856173,4221296
0,500,1615007875857688,4177511
0,500,1615007875899237,4027820
0,500,1615007876020195,3657496
0,500,1615007876073931,4029686
0,500,1615007876101121,3579863
0,500,1615007876129135,4388595
0,500,1615007876138953,4382589
0,500,1615007876143428,4500758
0,500,1615007876144444,4265603
0,500,1615007876156298,3985612
0,500,1615007876223212,3297440
0,500,1615007876228359,3052349
0,500,1615007876251048,4385733
0,500,1615007876260385,3880443
0,500,1615007876323616,3789955
0,500,1615007876346165,2749940
0,500,1615007876363340,4106434
0,500,1615007876387244,4380665
0,500,1615007876393863,4644965
0,500,1615007876401175,4583069
0,500,1615007876421899,4709602
0,500,1615007876430883,4008770
0,500,1615007876433519,3442751
0,500,1615007876437084,4382907
0,500,1615007876451777,4523352
0,500,1615007876471870,2771796
0,500,1615007876479796,4033863
0,500,1615007876525829,4623315
0,500,1615007876553765,3949931
0,500,1615007876570526,2828474
0,500,1615007876570785,4118162
0,500,1615007876583280,4745277
0,500,1615007876583399,4840398
0,500,1615007876587339,4655198
0,500,1615007876610485,4592153
0,500,1615007876611411,4779041
0,500,1615007876623745,4662106
0,500,1615007876633330,4503517
0,500,1615007876644584,4586700
0,500,1615007876645387,4774410
0,500,1615007876649051,4678921
0,500,1615007876662365,4590025
0,500,1615007876662598,4785849
0,500,1615007876670069,4628182
0,500,1615007876670177,4699249
0,500,1615007876675530,4602310
0,500,1615007876676141,4768359
0,500,1615007876689204,4695784
0,500,1615007876702563,4577416
0,500,1615007876704985,4769382
0,500,1615007876713203,4654938
0,500,1615007876722035,4465358
0,500,1615007876722266,4552965
0,500,1615007876727625,4634443
0,500,1615007876736234,4958466
0,500,1615007876737110,4479899
0,500,1615007876745411,4421894
0,500,1615007876753490,4454435
0,500,1615007876755627,4455560
0,500,1615007876770930,4423196
0,500,1615007876783420,4462791
0,500,1615007876788123,4463413
0,500,1615007876793911,4194841
0,500,1615007876794526,4430286
0,500,1615007876804455,4478450
0,500,1615007876812744,4410994
0,500,1615007876812856,4377666
0,500,1615007876815886,3794176
0,500,1615007876827961,4464779
0,500,1615007876828291,4407933
0,500,1615007876828537,4384235
0,500,1615007876847004,4482014
0,500,1615007876847127,4369373
0,500,1615007876847238,4350375
0,500,1615007876859853,4494361
0,500,1615007876866981,4364842
0,500,1615007876867210,4303142
0,500,1615007876883513,4503857
0,500,1615007876894946,4351717
0,500,1615007876903074,4330848
0,500,1615007876914097,4493340
0,500,1615007876925121,4313027
0,500,1615007876928174,4338931
0,500,1615007876939382,4397432
0,500,1615007876946202,4293318
0,500,1615007876946494,4245788
0,500,1615007876967161,4252890
0,500,1615007877011805,4113326
0,500,1615007877042877,3218691
0,500,1615007877043370,5126681
0,500,1615007877061677,4492091
0,500,1615007877064439,4601599
0,500,1615007877103597,4756191
0,500,1615007877123369,4175373
0,500,1615007877141863,4528346
0,500,1615007877165261,4449659
0,500,1615007877165541,3223724
0,500,1615007877175134,5120216
0,500,1615007877182296,4460618
0,500,1615007877213695,5361478
0,500,1615007877237322,4096186
0,500,1615007877245185,5309166
0,500,1615007877277491,4595219
0,500,1615007877292961,4651980
0,500,1615007877324965,4933300
0,500,1615007877332061,4375175
0,500,1615007877378629,4793680
0,500,1615007877407021,3418273
0,500,1615007877417105,5541743
0,500,1615007877424418,4704144
0,500,1615007877424701,4255916
0,500,1615007877463489,4792230
0,500,1615007877473182,4484954
0,500,1615007877480841,5421697
0,500,1615007877527153,5406892
0,500,1615007877531331,4709027
0,500,1615007877536759,3494757
0,500,1615007877559405,4737795
0,500,1615007877563204,4835399
0,500,1615007877592374,4878747
0,500,1615007877613221,4425854
0,500,1615007877624838,5659495
0,500,1615007877625801,4604456
0,500,1615007877646712,3602170
0,500,1615007877663799,5044114
0,500,1615007877668572,5233848
0,500,1615007877671481,4713995
0,500,1615007877682842,4787496
0,500,1615007877695093,4956606
0,500,1615007877709376,4427893
0,500,1615007877710455,5668013
0,500,1615007877718339,5077993
0,500,1615007877737216,4812609
0,500,1615007877737468,4917239
0,500,1615007877746046,5101252
0,500,1615007877748057,5621468
0,500,1615007877756625,4737435
0,500,1615007877774103,4911548
0,500,1615007877774360,5095500
0,500,1615007877783243,4654650
0,500,1615007877790910,5030152
0,500,1615007877792512,4868169
0,500,1615007877796712,5117435
0,500,1615007877807205,4546738
0,500,1615007877822728,4864513
0,500,1615007877853240,5093010
0,500,1615007877854985,4576207
0,500,1615007877858921,4869824
0,500,1615007877861231,4962969
0,500,1615007877883087,3752964
0,500,1615007877908945,5768294
0,500,1615007877909180,4857427
0,500,1615007877989681,5000949
0,500,1615007877994114,4932581
0,500,1615007878001631,5744027
0,500,1615007878034394,5136764
0,500,1615007878050123,5977158
0,500,1615007878071249,4789146
0,500,1615007878076348,5774704
0,500,1615007878083191,4998469
0,500,1615007878093535,4753132
0,500,1615007878109826,5555624
0,500,1615007878113489,3765778
0,500,1615007878151325,5030295
0,500,1615007878171810,5913019
0,500,1615007878229816,5070204
0,500,1615007878249098,5807198
0,500,1615007878257640,5931790
0,500,1615007878312094,5291957
0,500,1615007878312198,5102298
0,500,1615007878321651,3859737
0,500,1615007878330581,5383041
0,500,1615007878355976,5280512
0,500,1615007878386798,5030551
0,500,1615007878391529,5540505
0,500,1615007878391809,5716715
0,500,1615007878407589,6286873
0,500,1615007878407928,5460797
0,500,1615007878429475,5015447
0,500,1615007878474263,3783765
0,500,1615007878502463,6139403
0,500,1615007878507934,5209087
0,500,1615007878524494,5422938
0,500,1615007878524763,5448531
0,500,1615007878558813,5602276
0,500,1615007878562947,5607103
0,500,1615007878596309,5512628
0,500,1615007878607779,5922871
0,500,1615007878661919,6533326
0,500,1615007878662298,5234825
0,500,1615007878707921,3985107
0,500,1615007878711061,6346381
0,500,1615007878711219,5332464
0,500,1615007878713549,5414374
0,500,1615007878791671,5491755
0,500,1615007878795235,6392691
0,500,1615007878803150,5502932
0,500,1615007878813301,5825757
0,500,1615007878833098,5936981
0,500,1615007878888206,4149705
0,500,1615007878899308,5761938
0,500,1615007878931678,4172133
0,500,1615007878934969,5632281
0,500,1615007878960421,6270104
0,500,1615007878980800,5645202
0,500,1615007878981308,6549642
0,500,1615007879027247,5640588
0,500,1615007879053691,5659896
0,500,1615007879083734,6095844
0,500,1615007879084733,5561744
0,500,1615007879085927,6828050
0,500,1615007879115263,5668170
0,500,1615007879126023,5798839
0,500,1615007879128920,6108063
0,500,1615007879147468,4316700
0,500,1615007879148260,5586625
0,500,1615007879180646,5749578
0,500,1615007879259001,6790286
0,500,1615007879282741,6259958
0,500,1615007879288100,6544591
0,500,1615007879306596,5517519
0,500,1615007879353800,6428635
0,500,1615007879367915,6224368
0,500,1615007879371032,5915459
0,500,1615007879375774,4458634
0,500,1615007879380536,6303542
0,500,1615007879461382,4521146
0,500,1615007879482946,7162980
0,500,1615007879484121,6320484
0,500,1615007879487124,6741409
0,500,1615007879496460,6041284
0,500,1615007879501114,6046032
0,500,1615007879502182,7030815
0,500,1615007879541377,6586376
0,500,1615007879604256,6095845
0,500,1615007879609865,4617890
0,500,1615007879627739,6855364
0,500,1615007879649273,7247142
0,500,1615007879650645,6889292
0,500,1615007879656133,5832255
0,500,1615007879658950,6107752
0,500,1615007879697491,6516825
0,500,1615007879708497,4638212
0,500,1615007879779450,7352199
0,500,1615007879779681,5897827
0,500,1615007879808947,6170843
0,500,1615007879809332,7358602
0,500,1615007879809514,5867438
0,500,1615007879822368,6123109
0,500,1615007879822826,6594372
0,500,1615007879841950,5846570
0,500,1615007879853713,6265820
0,500,1615007879857604,6278186
0,500,1615007879881449,6717208
0,500,1615007879888061,7085710
0,500,1615007880019823,7061259
0,500,1615007880020074,7551728
0,500,1615007880020185,6268570
0,500,1615007880020221,4894866
0,500,1615007880020848,7123758
0,500,1615007880027819,6014518
0,500,1615007880029123,7166973
0,500,1615007880029418,6728127
0,500,1615007880054890,4925045
0,500,1615007880068805,7142244
0,500,1615007880084035,7587468
0,500,1615007880084347,6495606
0,500,1615007880102329,6335594
0,500,1615007880151833,6942141
0,500,1615007880153216,6267094
0,500,1615007880158812,7203401
0,500,1615007880161054,6112216
0,500,1615007880162053,6554717
0,500,1615007880176019,7667739
0,500,1615007880176164,7252217
0,500,1615007880206089,6871134
0,500,1615007880237234,6610497
0,500,1615007880248449,6914368
0,500,1615007880276373,4994126
0,500,1615007880365929,7417450
0,500,1615007880366196,6394830
0,500,1615007880368311,7378760
0,500,1615007880376410,5062788
0,500,1615007880392311,7028319
0,500,1615007880392447,6339091
0,500,1615007880404833,7177507
0,500,1615007880414316,7427267
0,500,1615007880414522,7742822
0,500,1615007880423764,6728295
0,500,1615007880459824,6932498
0,500,1615007880479864,6742744
0,500,1615007880487777,5168162
0,500,1615007880508343,6453423
0,500,1615007880523350,7565459
0,500,1615007880549247,6552480
0,500,1615007880553834,6758723
0,500,1615007880560597,7176402
0,500,1615007880564275,5225369
0,500,1615007880574252,7584123
0,500,1615007880580285,7807584
0,500,1615007880601099,6657462
0,500,1615007880623218,7195288
0,500,1615007880656169,7211676
0,500,1615007880692858,7463567
0,500,1615007880718605,7588476
0,500,1615007880872495,7796668
0,500,1615007880878462,6871619
0,500,1615007880904007,6859020
0,500,1615007880915027,6732037
0,500,1615007880928732,5562246
0,500,1615007880961545,7206385
0,500,1615007880996397,7375952
0,500,1615007881002351,8200147
0,500,1615007881111516,8091082
0,500,1615007881136651,7691959
0,500,1615007881136750,6934865
0,500,1615007881177507,7150521
0,500,1615007881216794,8140212
0,500,1615007881217069,7848890
0,500,1615007881219140,5741449
0,500,1615007881253829,7043942
0,500,1615007881270207,8114426
0,500,1615007881348777,8197619
0,500,1615007881362658,7327710
0,500,1615007881375491,7921052
0,500,1615007881390931,5899442
0,500,1615007881401581,7310783
0,500,1615007881419831,7650740
0,500,1615007881428024,8405791
0,500,1615007881428882,7132498
0,500,1615007881446334,8584787
0,500,1615007881456584,7835823
0,500,1615007881504646,5948282
0,500,1615007881523137,8074228
0,500,1615007881540499,8009783
0,500,1615007881580672,7479378
0,500,1615007881580879,8352878
0,500,1615007881601949,7506452
0,500,1615007881623071,8699691
0,500,1615007881645469,7333308
0,500,1615007881658317,8001104
0,500,1615007881683888,6077417
0,500,1615007881694059,8506371
0,500,1615007881703491,8568441
0,500,1615007881718628,7939700
0,500,1615007881727950,8032024
0,500,1615007881744245,7619827
0,500,1615007881766581,6133861
0,500,1615007881799132,8539038
0,500,1615007881821548,7703730
0,500,1615007881823896,8804241
0,500,1615007881839198,8611630
0,500,1615007881892988,7442140
0,500,1615007881894652,8560213
0,500,1615007881902934,8632693
0,500,1615007881913046,8269401
0,500,1615007881915003,7669743
0,500,1615007881948642,6118510
0,500,1615007881960721,7774089
0,500,1615007881986963,8278156
0,500,1615007881988133,7724720
0,500,1615007882003576,8928546
0,500,1615007882024119,8235505
0,500,1615007882026435,8064625
0,500,1615007882072520,6126848
0,500,1615007882089914,8288090
0,500,1615007882102893,7382648
0,500,1615007882105735,8845988
0,500,1615007882106952,8750279
0,500,1615007882110180,8371058
0,500,1615007882117060,9018302
0,500,1615007882139001,7916861
0,500,1615007882148902,7766851
0,500,1615007882171221,6134519
0,500,1615007882203953,8389452
0,500,1615007882204077,8403258
0,500,1615007882204700,8235251
0,500,1615007882234662,7498075
0,500,1615007882271268,6142763
0,500,1615007882295262,7858531
0,500,1615007882303779,8564148
0,500,1615007882317444,9035796
0,500,1615007882318778,9149167
0,500,1615007882323345,8508497
0,500,1615007882346122,7607248
0,500,1615007882354101,8089857
0,500,1615007882357181,9075307
0,500,1615007882366695,6222800
0,500,1615007882384211,8467403
0,500,1615007882389960,7729605
0,500,1615007882394080,8571865
0,500,1615007882396626,8298771
0,500,1615007882441142,7552326
0,500,1615007882448428,8667810
0,500,1615007882451738,7789296
0,500,1615007882469938,8969853
0,500,1615007882470072,9288997
0,500,1615007882470264,6186703
0,500,1615007882489651,7769017
0,500,1615007882497464,8628713
0,500,1615007882530019,8417088
0,500,1615007882530125,8612881
0,500,1615007882530853,9321504
0,500,1615007882531296,9143042
0,500,1615007882531541,6210311
0,500,1615007882557606,8674815
0,500,1615007882563507,7532577
0,500,1615007882569680,7848672
0,500,1615007882585628,8757536
0,500,1615007882600902,7864076
0,500,1615007882609148,6129362
0,500,1615007882627337,8681264
0,500,1615007882640280,9305963
0,500,1615007882645990,9143509
0,500,1615007882656148,8678651
0,500,1615007882671205,7640005
0,500,1615007882671462,6137690
0,500,1615007882676191,7938522
0,500,1615007882677428,8540723
0,500,1615007882686459,9459395
0,500,1615007882744533,9330893
0,500,1615007882748572,8009580
0,500,1615007882780066,8773833
0,500,1615007882790199,6236442
0,500,1615007882804296,8045500
0,500,1615007882809583,8964671
0,500,1615007882821843,8808275
0,500,1615007882839872,9265795
0,500,1615007882850325,9347511
0,500,1615007882874480,6293586
0,500,1615007882906607,7768311
0,500,1615007882930395,8906143
0,500,1615007882953764,9725006
0,500,1615007882959766,8768823
0,500,1615007882962053,8202287
0,500,1615007882962299,9103879
0,500,1615007882963736,6343773
0,500,1615007882984356,8929229
0,500,1615007882989106,8220985
0,500,1615007882995161,7812063
0,500,1615007883019311,9402400
0,500,1615007883062492,6412974
0,500,1615007883062832,7841685
0,500,1615007883086542,9543975
0,500,1615007883089739,8985683
0,500,1615007883126348,9311065
0,500,1615007883126407,8349620
0,500,1615007883151243,7921565
0,500,1615007883161353,8994516
0,500,1615007883186795,8247100
0,500,1615007883191605,9593964
0,500,1615007883203769,9233884
0,500,1615007883205000,8855336
0,500,1615007883233786,8262043
0,500,1615007883235677,6522498
0,500,1615007883261344,8899907
0,500,1615007883261549,8287064
0,500,1615007883265778,9658784
0,500,1615007883267213,9238663
0,500,1615007883277099,10016206
0,500,1615007883291653,9212370
0,500,1615007883303707,9008343
0,500,1615007883320450,9379381
0,500,1615007883326308,9668622
0,500,1615007883330802,9667364
0,500,1615007883340697,7896573
0,500,1615007883354041,8593183
0,500,1615007883381477,8988188
0,500,1615007883381579,6601674
0,500,1615007883389460,9302269
0,500,1615007883402641,8413074
0,500,1615007883414042,10114316
0,500,1615007883428068,6628791
0,500,1615007883449011,8971397
0,500,1615007883449108,8687962
0,500,1615007883457656,6543228
0,500,1615007883468710,9344131
0,500,1615007883477312,10175192
0,500,1615007883528020,8840333
0,500,1615007883528267,6598622
0,500,1615007883572175,9442745
0,500,1615007883572533,8811265
0,500,1615007883574009,6629806
0,500,1615007883587351,6613089
0,500,1615007883611078,9328912
0,500,1615007883617244,6550722
0,500,1615007883631046,6405065
0,500,1615007883641914,9293111
0,500,1615007883658687,6364103
0,500,1615007883660094,6120599
0,500,1615007883664416,9172981
0,500,1615007883664502,8943271
0,500,1615007883670911,6013122
0,500,1615007883677943,8919415
0,500,1615007883700167,5941172
0,500,1615007883706320,5912561
0,500,1615007883707870,8947809
0,500,1615007883715976,5904974
0,500,1615007883728149,8967148
0,500,1615007883728578,5868130
0,500,1615007883757355,5895614
0,500,1615007883757426,5860835
0,500,1615007883769582,8992630
0,500,1615007883772884,5852788
0,500,1615007883775443,8946267
0,500,1615007883781024,10446277
0,500,1615007883781258,5723884
0,500,1615007883801931,10138259
0,500,1615007883802210,8907452
0,500,1615007883806260,5747380
0,500,1615007883828579,5763431
0,500,1615007883828719,5655046
0,500,1615007883852940,8821018
0,500,1615007883853506,5649771
0,500,1615007883853605,5646030
0,500,1615007883857754,8819643
0,500,1615007883884886,8428673
0,500,1615007883884984,5655199
0,500,1615007883885012,5639897
0,500,1615007883908682,8848265
0,500,1615007883909286,9747224
0,500,1615007883928811,5679215
0,500,1615007883929190,8868044
0,500,1615007883929262,8830885
0,500,1615007883984409,5589283
0,500,1615007884076277,9727918
0,500,1615007884115185,10129409
0,500,1615007884115478,10452512
0,500,1615007884119186,5689160
0,500,1615007884121386,9131210
0,500,1615007884141497,9403663
0,500,1615007884168841,9066128
0,500,1615007884169614,9408203
0,500,1615007884207882,8667094
0,500,1615007884224718,10889411
0,500,1615007884255061,5789255
0,500,1615007884257957,10515594
0,500,1615007884313046,9263949
0,500,1615007884476697,10058046
0,500,1615007884476999,10470467
0,500,1615007884477089,10306642
0,500,1615007884477122,9299594
0,500,1615007884477224,6006023
0,500,1615007884477705,9635230
0,500,1615007884477888,9593219
0,500,1615007884478068,9347822
0,500,1615007884478199,11081911
0,500,1615007884481981,9720496
0,500,1615007884482438,8938052
0,500,1615007884482774,10600436
0,500,1615007884482871,10727376
0,500,1615007884544716,10475801
0,500,1615007884544904,9304857
0,500,1615007884545199,6064920
0,500,1615007884547738,10759560
0,500,1615007884552929,9362846
0,500,1615007884553332,8933096
0,500,1615007884553572,10308637
0,500,1615007884553671,11129540
0,500,1615007884553710,9638342
0,500,1615007884590386,10794923
0,500,1615007884612935,9355459
0,500,1615007884645174,9723938
0,500,1615007884653793,9680020
0,500,1615007884654039,11229434
0,500,1615007884666358,10204899
0,500,1615007884669124,9433807
0,500,1615007884729137,10765701
0,500,1615007884797515,6307575
0,500,1615007884820081,10956361
0,500,1615007884909712,9839202
0,500,1615007884977120,9631835
0,500,1615007884983459,9904242
0,500,1615007885013626,9586861
0,500,1615007885018244,9809452
0,500,1615007885050634,9428579
0,500,1615007885058263,9605490
0,500,1615007885058332,9815618
0,500,1615007885063068,6450571
0,500,1615007885074053,9554841
0,500,1615007885077821,9804773
0,500,1615007885107645,9661965
0,500,1615007885108695,10038991
0,500,1615007885113954,9407489
0,500,1615007885114570,11000010
0,500,1615007885120993,9698581
0,500,1615007885135871,9634460
0,500,1615007885158435,11680944
0,500,1615007885180567,10884590
0,500,1615007885207084,9632911
0,500,1615007885234497,6560251
0,500,1615007885237724,10760333
0,500,1615007885242480,11104945
0,500,1615007885254082,9520999
0,500,1615007885285622,9507859
0,500,1615007885297314,11220611
0,500,1615007885375729,6663408
0,500,1615007885375849,11232621
0,500,1615007885385725,10293347
0,500,1615007885391244,9776547
0,500,1615007885396496,9949138
0,500,1615007885396557,11808259
0,500,1615007885444488,10998656
0,500,1615007885467659,10963868
0,500,1615007885471464,9442903
0,500,1615007885487520,11401978
0,500,1615007885492138,11254153
0,500,1615007885496126,6772611
0,500,1615007885496321,9693778
0,500,1615007885553909,9864026
0,500,1615007885578451,11186802
0,500,1615007885581950,10395493
0,500,1615007885584069,9590168
0,500,1615007885593239,11941682
0,500,1615007885614214,6743935
0,500,1615007885636882,10975866
0,500,1615007885647350,9547807
0,500,1615007885654267,11170878
0,500,1615007885655048,10194843
0,500,1615007885697666,11306537
0,500,1615007885698034,11593662
0,500,1615007885698939,11569126
0,500,1615007885700765,10211927
0,500,1615007885701089,9638159
0,500,1615007885782142,11647831
0,500,1615007885787769,6874104
0,500,1615007885834127,10632283
0,500,1615007885847336,12087690
0,500,1615007885852901,10334336
0,500,1615007885858233,10140419
0,500,1615007885870430,9794797
0,500,1615007885938730,11520747
0,500,1615007885968608,9862905
0,500,1615007885980722,7040112
0,500,1615007885987058,11266255
0,500,1615007885998384,11336850
0,500,1615007886058872,10326168
0,500,1615007886098072,9830402
0,500,1615007886154476,11741810
0,500,1615007886157311,10909343
0,500,1615007886174933,10638980
0,500,1615007886179361,10068035
0,500,1615007886179475,12025940
0,500,1615007886194514,12429049
0,500,1615007886251906,7264004
0,500,1615007886269025,11488828
0,500,1615007886299021,10408601
0,500,1615007886299492,10031301
0,500,1615007886321081,7172838
0,500,1615007886333943,11613078
0,500,1615007886338942,11851239
0,500,1615007886342867,10065702
0,500,1615007886393302,10776022
0,500,1615007886407542,12588430
0,500,1615007886416611,11966331
0,500,1615007886416715,11139073
0,500,1615007886431489,12200062
0,500,1615007886449047,10552291
0,500,1615007886452981,7289942
0,500,1615007886495757,10115002
0,500,1615007886581360,10305012
0,500,1615007886586618,11761474
0,500,1615007886597398,11859978
0,500,1615007886597604,7387704
0,500,1615007886611428,10700013
0,500,1615007886618094,12268746
0,500,1615007886627042,11937752
0,500,1615007886627314,11002860
0,500,1615007886649999,12191005
0,500,1615007886650768,10224697
0,500,1615007886713231,12363151
0,500,1615007886726376,10799313
0,500,1615007886752525,12588492
0,500,1615007886755052,10457388
0,500,1615007886767966,11433894
0,500,1615007886821592,12322051
0,500,1615007886842248,10887572
0,500,1615007886885088,10869839
0,500,1615007886900367,7542332
0,500,1615007886912890,12224937
0,500,1615007886923619,10902006
0,500,1615007886969194,10873555
0,500,1615007886973675,12252344
0,500,1615007887017710,11338691
0,500,1615007887019434,10913569
0,500,1615007887030483,12271860
0,500,1615007887054048,12315981
0,500,1615007887065333,12704273
0,500,1615007887080244,10971983
0,500,1615007887099916,12377229
0,500,1615007887109521,10868289
0,500,1615007887135222,10777183
0,500,1615007887135364,12376430
0,500,1615007887144926,12195703
0,500,1615007887171507,10733326
0,500,1615007887187675,10870187
0,500,1615007887194983,12434478
0,500,1615007887227360,10772891
0,500,1615007887244783,10681999
0,500,1615007887245651,13066094
0,500,1615007887254232,12445408
0,500,1615007887275777,12395718
0,500,1615007887311252,12272446
0,500,1615007887329927,12135307
0,500,1615007887353287,11955360
0,500,1615007887360057,7781235
0,500,1615007887364417,12061367
0,500,1615007887397007,12042894
0,500,1615007887431691,12003400
0,500,1615007887498697,10914845
0,500,1615007887523637,7916458
0,500,1615007887532551,11793873
0,500,1615007887574287,11224903
0,500,1615007887594249,11060220
0,500,1615007887599109,10949178
0,500,1615007887613640,13232040
0,500,1615007887616748,12161909
0,500,1615007887668829,8030894
0,500,1615007887681741,12855951
0,500,1615007887726516,12841576
0,500,1615007887733959,12742437
0,500,1615007887736632,13539310
0,500,1615007887749380,12276188
0,500,1615007887778060,11375842
0,500,1615007887851867,12070235
0,500,1615007887857277,11144576
0,500,1615007887866918,11312742
0,500,1615007887934612,8231903
0,500,1615007887937566,13545489
0,500,1615007887977682,12487307
0,500,1615007887987619,11434369
0,500,1615007888043057,11260776
0,500,1615007888043277,13210080
0,500,1615007888052842,13837392
0,500,1615007888077105,11506603
0,500,1615007888094035,13185548
0,500,1615007888097516,12411188
0,500,1615007888100316,13091888
0,500,1615007888113512,8397767
0,500,1615007888125016,12324865
0,500,1615007888148208,13736130
0,500,1615007888155340,11339141
0,500,1615007888261851,11691073
0,500,1615007888283594,14025154
0,500,1615007888291519,11737044
0,500,1615007888323138,12542894
0,500,1615007888328561,13915771
0,500,1615007888346718,8454713
0,500,1615007888366474,11407770
0,500,1615007888499000,14056867
0,500,1615007888500740,11476257
0,500,1615007888500991,11393659
0,500,1615007888509481,11917503
0,500,1615007888509897,11915439
0,500,1615007888510237,14127748
0,500,1615007888510373,12623343
0,500,1615007888651280,14208603
0,500,1615007888654592,11417286
0,500,1615007888675952,11981051
0,500,1615007888676113,11931635
0,500,1615007888676511,12696641
0,500,1615007888695537,14302594
0,500,1615007888699024,14287514
0,500,1615007888705164,14213932
0,500,1615007888736395,13880574
0,500,1615007888737653,11448235
0,500,1615007888768825,13094183
0,500,1615007888794760,12981162
0,500,1615007888796115,14107424
0,500,1615007888797551,11325023
0,500,1615007888823240,12822506
0,500,1615007888914183,8977390
0,500,1615007888923855,14163492
0,500,1615007888924216,13835449
0,500,1615007888934087,14022295
0,500,1615007888935518,12186092
0,500,1615007888954012,12269023
0,500,1615007888972366,11480135
0,500,1615007888975560,12973948
0,500,1615007889022850,9075297
0,500,1615007889023242,9047086
0,500,1615007889024153,12230573
0,500,1615007889032727,12238219
0,500,1615007889033678,14311205
0,500,1615007889052892,14145804
0,500,1615007889061550,13857563
0,500,1615007889062630,9007124
0,500,1615007889089084,11464867
0,500,1615007889089351,11443581
0,500,1615007889101397,14189245
0,500,1615007889103417,14337288
0,500,1615007889152639,13129634
0,500,1615007889196453,12331840
0,500,1615007889205847,12446849
0,500,1615007889262587,13509200
0,500,1615007889297305,11634101
0,500,1615007889323868,11636208
0,500,1615007889343410,14584030
0,500,1615007889351399,13514484
0,500,1615007889410602,9315487
0,500,1615007889488290,13633468
0,500,1615007889496495,11783505
0,500,1615007889496683,11701358
0,500,1615007889498719,12586848
0,500,1615007889582115,12639343
0,500,1615007889600706,13728133
0,500,1615007889601089,9497748
0,500,1615007889602633,14631404
0,500,1615007889634606,14711288
0,500,1615007889690078,14682040
0,500,1615007889705789,9472486
0,500,1615007889721004,9351948
0,500,1615007889727481,13680497
0,500,1615007889732851,14366797
0,500,1615007889743354,14978536
0,500,1615007889746294,11851239
0,500,1615007889833181,12867840
0,500,1615007889852697,12914698
0,500,1615007889902618,13991585
0,500,1615007889922414,13860001
0,500,1615007889947226,14915682
0,500,1615007889967699,11966093
0,500,1615007889989744,14599052
0,500,1615007889990255,14941730
0,500,1615007889990508,14929740
0,500,1615007890010576,15201204
0,500,1615007890019535,9613197
0,500,1615007890069486,14105885
0,500,1615007890086048,15053819
0,500,1615007890098119,14166148
0,500,1615007890098279,15218447
0,500,1615007890099757,14023806
0,500,1615007890111677,13041482
0,500,1615007890132841,14710979
0,500,1615007890134869,15057250
0,500,1615007890137222,14135950
0,500,1615007890140042,15087342
0,500,1615007890164261,14997728
0,500,1615007890194022,12181826
0,500,1615007890236389,15343107
0,500,1615007890237740,13243236
0,500,1615007890261827,14104944
0,500,1615007890285349,14260309
0,500,1615007890316843,15221916
0,500,1615007890332226,15240161
0,500,1615007890339911,14879128
0,500,1615007890340985,15400422
0,500,1615007890342312,14184993
0,500,1615007890364713,15196627
0,500,1615007890365956,14260808
0,500,1615007890366663,15243002
0,500,1615007890390639,14902146
0,500,1615007890399347,9967968
0,500,1615007890400781,15192348
0,500,1615007890412253,15164525
0,500,1615007890412547,15471517
0,500,1615007890452630,14236262
0,500,1615007890467433,15301427
0,500,1615007890479658,14845591
0,500,1615007890507403,15236024
0,500,1615007890529722,14890067
0,500,1615007890530892,15214250
0,500,1615007890546254,15536630
0,500,1615007890558846,15257270
0,500,1615007890563419,15274482
0,500,1615007890602900,13487118
0,500,1615007890613842,10135854
0,500,1615007890629226,14640747
0,500,1615007890653260,10116722
0,500,1615007890661039,13476842
0,500,1615007890662440,14537061
0,500,1615007890684352,14279862
0,500,1615007890713066,14988671
0,500,1615007890732460,15322824
0,500,1615007890737260,12626827
0,500,1615007890737489,10197114
0,500,1615007890816096,15661552
0,500,1615007890897289,15531770
0,500,1615007890900462,13749017
0,500,1615007890902597,15550122
0,500,1615007890903573,13666734
0,500,1615007890903710,10334902
0,500,1615007890913107,15398888
0,500,1615007890915210,15153511
0,500,1615007890916498,14445354
0,500,1615007890917951,13737781
0,500,1615007890919410,14894875
0,500,1615007890959722,14830604
0,500,1615007890987976,15785733
0,500,1615007891011527,12900788
0,500,1615007891035696,13716887
0,500,1615007891036511,10368690
0,500,1615007891048499,15692897
0,500,1615007891139149,13675685
0,500,1615007891139212,14712504
0,500,1615007891139293,15894009
0,500,1615007891197441,13655422
0,500,1615007891198178,15886115
0,500,1615007891219069,15764599
0,500,1615007891277419,12979943
0,500,1615007891285790,14064769
0,500,1615007891329342,12993644
0,500,1615007891329543,15558480
0,500,1615007891329621,13736372
0,500,1615007891329726,15712160
0,500,1615007891330804,14731700
0,500,1615007891330908,10649834
0,500,1615007891331431,10572538
0,500,1615007891332324,15937913
0,500,1615007891343883,12998781
0,500,1615007891351643,15937007
0,500,1615007891369953,15727980
0,500,1615007891370158,15528200
0,500,1615007891377146,15172008
0,500,1615007891383562,15907427
0,500,1615007891383859,15876940
0,500,1615007891383985,15536744
0,500,1615007891388352,15506305
0,500,1615007891389522,15667749
0,500,1615007891389723,15663968
0,500,1615007891389878,13731756
0,500,1615007891403048,15871212
0,500,1615007891411088,15500514
0,500,1615007891411199,15681060
0,500,1615007891412423,14940778
0,500,1615007891423294,15407440
0,500,1615007891423690,15690411
0,500,1615007891431620,15670563
0,500,1615007891439686,10531323
0,500,1615007891445008,15400687
0,500,1615007891445608,15696637
0,500,1615007891452286,15688018
0,500,1615007891459587,15403427
0,500,1615007891459716,15584576
0,500,1615007891521659,15714854
0,500,1615007891538171,13812865
0,500,1615007891541516,14254356
0,500,1615007891572990,15978963
0,500,1615007891585189,14955385
0,500,1615007891596802,10672669
0,500,1615007891605587,13742781
0,500,1615007891607878,16188521
0,500,1615007891650254,15168279
0,500,1615007891656417,13277925
0,500,1615007891667604,10621471
0,500,1615007891680624,15417635
0,500,1615007891700038,14376536
0,500,1615007891713086,16239489
0,500,1615007891730086,16052819
0,500,1615007891738177,10657012
0,500,1615007891749540,13334536
0,500,1615007891750873,15805560
0,500,1615007891754429,15639536
0,500,1615007891769324,13871246
0,500,1615007891777311,15947963
0,500,1615007891790096,15159950
0,500,1615007891807101,15302129
0,500,1615007891820208,15416328
0,500,1615007891883836,16194141
0,500,1615007891894281,15916425
0,500,1615007891899172,15769471
0,500,1615007891899490,14570307
0,500,1615007891902318,13381640
0,500,1615007891902450,16327933
0,500,1615007891915413,14480547
0,500,1615007891930858,16177143
0,500,1615007891943875,14470902
0,500,1615007891959096,16128866
0,500,1615007891967434,14486767
0,500,1615007891975047,16088696
0,500,1615007891983067,16063519
0,500,1615007892015206,15488918
0,500,1615007892020527,10917779
0,500,1615007892026172,16077034
0,500,1615007892039306,13419020
0,500,1615007892039565,14128476
0,500,1615007892039700,15292212
0,500,1615007892051233,16158197
0,500,1615007892091658,13428511
0,500,1615007892162877,16006269
0,500,1615007892163789,16121896
0,500,1615007892175516,16166177
0,500,1615007892175791,15568123
0,500,1615007892197216,15441114
0,500,1615007892217688,13544115
0,500,1615007892219176,16298279
0,500,1615007892230941,16064151
0,500,1615007892267442,15762075
0,500,1615007892268121,16225378
0,500,1615007892309159,16288979
0,500,1615007892314926,11058387
0,500,1615007892315461,15660166
0,500,1615007892329799,13339790
0,500,1615007892367307,15574929
0,500,1615007892378281,16183394
0,500,1615007892387789,16202573
0,500,1615007892397503,14440794
0,500,1615007892403221,14876225
0,500,1615007892403747,16375408
0,500,1615007892452594,16389142
0,500,1615007892468874,16749036
0,500,1615007892521096,16445791
0,500,1615007892545763,15751863
0,500,1615007892566040,15494509
0,500,1615007892583525,13412956
0,500,1615007892591884,16085585
0,500,1615007892613900,15695441
0,500,1615007892614134,11191572
0,500,1615007892625259,15034149
0,500,1615007892631283,16446335
0,500,1615007892670425,14645728
0,500,1615007892755217,11318103
0,500,1615007892757397,13502798
0,500,1615007892773680,16529346
0,500,1615007892811374,16556748
0,500,1615007892815183,17010259
0,500,1615007892846262,16649590
0,500,1615007892847764,15732457
0,500,1615007892858054,16637963
0,500,1615007892872982,13611121
0,500,1615007892910518,15781086
0,500,1615007892910723,14834816
0,500,1615007892910845,15318484
0,500,1615007892930884,16656274
0,500,1615007892933438,16663915
0,500,1615007892933542,16636092
0,500,1615007892933605,16362354
0,500,1615007892933665,15985128
0,500,1615007892951549,15788634
0,500,1615007892970053,15790344
0,500,1615007892983572,15733727
0,500,1615007892990744,11500481
0,500,1615007893014237,15684717
0,500,1615007893026334,15680216
0,500,1615007893137888,13801238
0,500,1615007893149992,16587007
0,500,1615007893154108,14942759
0,500,1615007893163738,16849816
0,500,1615007893164742,16826233
0,500,1615007893199814,17274585
0,500,1615007893217632,11701720
0,500,1615007893218723,15866973
0,500,1615007893231413,15607570
0,500,1615007893283324,17024942
0,500,1615007893285149,16713000
0,500,1615007893316388,16367475
0,500,1615007893324030,13981471
0,500,1615007893329588,13933300
0,500,1615007893332323,15579023
0,500,1615007893346874,15113531
0,500,1615007893353009,16394669
0,500,1615007893366233,11788048
0,500,1615007893386001,17454526
0,500,1615007893393431,16709013
0,500,1615007893393592,17013338
0,500,1615007893433240,13999958
0,500,1615007893433410,17093062
0,500,1615007893453294,16073032
0,500,1615007893460255,17112766
0,500,1615007893460376,15095136
0,500,1615007893479934,11892602
0,500,1615007893492223,15704911
0,500,1615007893497123,16841560
0,500,1615007893523126,15115938
0,500,1615007893546859,11956386
0,500,1615007893555483,17197985
0,500,1615007893570280,16889440
0,500,1615007893570367,14110551
0,500,1615007893570420,17539183
0,500,1615007893597697,17116430
0,500,1615007893614312,16891292
0,500,1615007893630622,17462622
0,500,1615007893649240,17143184
0,500,1615007893670254,17430904
0,500,1615007893670293,16929596
0,500,1615007893706401,15298821
0,500,1615007893707075,17135353
0,500,1615007893738140,15937657
0,500,1615007893773384,16986648
0,500,1615007893791739,17518900
0,500,1615007893791911,16820207
0,500,1615007893815800,16322810
0,500,1615007893853494,16861983
0,500,1615007893864988,14374233
0,500,1615007893880036,12258974
0,500,1615007893888160,17172679
0,500,1615007893913874,17460215
0,500,1615007893927783,17320430
0,500,1615007893951291,15535336
0,500,1615007893986735,17504100
0,500,1615007894041277,16226454
0,500,1615007894054835,12326901
0,500,1615007894070311,14517845
0,500,1615007894074060,15613964
0,500,1615007894086144,16473556
0,500,1615007894144424,17011499
0,500,1615007894146422,17742164
0,500,1615007894179333,17404800
0,500,1615007894199419,17154613
0,500,1615007894199823,12449498
0,500,1615007894210632,17286685
0,500,1615007894231548,16371540
0,500,1615007894243635,17708934
0,500,1615007894257302,17730617
0,500,1615007894327133,14753876
0,500,1615007894327222,15862127
0,500,1615007894410062,12577521
0,500,1615007894412401,17973906
0,500,1615007894413115,17243713
0,500,1615007894420541,15932035
0,500,1615007894420688,16536510
0,500,1615007894420848,16796211
0,500,1615007894450871,17476095
0,500,1615007894457898,14660205
0,500,1615007894750381,17653595
0,500,1615007894750501,16238674
0,500,1615007894829771,17486481
0,500,1615007894864298,13031252
0,500,1615007894864587,18309760
0,500,1615007894881112,17838935
0,500,1615007894888618,18118783
0,500,1615007894924961,18371500
0,500,1615007894934806,15098145
0,500,1615007894997210,13031947
0,500,1615007895007061,16319335
0,500,1615007895030982,17096246
0,500,1615007895031610,17342201
0,500,1615007895038437,17989938
0,500,1615007895070351,15224616
0,500,1615007895122781,17964604
0,500,1615007895133383,18569962
0,500,1615007895140582,18236921
0,500,1615007895146011,17990298
0,500,1615007895148382,13066967
0,500,1615007895179569,16466428
0,500,1615007895179990,18265095
0,500,1615007895207746,17666745
0,500,1615007895272148,17258481
0,500,1615007895300956,17611129
0,500,1615007895330395,13235876
0,500,1615007895352886,18126748
0,500,1615007895353628,15477164
0,500,1615007895379131,18413419
0,500,1615007895407402,18193099
0,500,1615007895413968,16699998
0,500,1615007895417697,17656846
0,500,1615007895433810,18452942
0,500,1615007895434188,18846411
0,500,1615007895434419,18091527
0,500,1615007895443836,15387096
0,500,1615007895444364,13318590
0,500,1615007895458103,18223617
0,500,1615007895498409,17930450
0,500,1615007895498531,18154801
0,500,1615007895502248,17736575
0,500,1615007895512074,17452457
0,500,1615007895520157,15448707
0,500,1615007895575461,17635441
0,500,1615007895583723,15443456
0,500,1615007895640759,17686524
0,500,1615007895641345,17623291
0,500,1615007895667941,17584283
0,500,1615007895700672,16880049
0,500,1615007895700784,17609424
0,500,1615007895738390,17608380
0,500,1615007895801426,17456742
0,500,1615007895801532,17410338
0,500,1615007895864939,17307234
0,500,1615007895866185,13548384
0,500,1615007895866615,18440871
0,500,1615007895890826,15649038
0,500,1615007895892069,17832180
0,500,1615007895914165,19277742
0,500,1615007895929747,18707295
0,500,1615007895950779,18882720
0,500,1615007895966496,18917732
0,500,1615007895991627,18399846
0,500,1615007895993812,17090618
0,500,1615007896032349,18769277
0,500,1615007896032624,15750718
0,500,1615007896033688,18541979
0,500,1615007896034308,13686174
0,500,1615007896128339,17398468
0,500,1615007896130062,18052480
0,500,1615007896162721,18539209
0,500,1615007896176010,17153694
0,500,1615007896176789,13815528
0,500,1615007896177470,19056562
0,500,1615007896234321,15926328
0,500,1615007896310232,17226516
0,500,1615007896325767,19062292
0,500,1615007896326611,18786644
0,500,1615007896353573,19631555
0,500,1615007896354048,17521938
0,500,1615007896354370,19089251
0,500,1615007896380664,18224153
0,500,1615007896381985,13970613
0,500,1615007896400487,16074120
0,500,1615007896401137,17310996
0,500,1615007896430477,19212783
0,500,1615007896447448,15897862
0,500,1615007896472018,18245238
0,500,1615007896509960,15828455
0,500,1615007896528614,17399292
0,500,1615007896528875,17339047
0,500,1615007896530266,19188938
0,500,1615007896538649,19104280
0,500,1615007896545064,18220877
0,500,1615007896560462,19311028
0,500,1615007896560854,19838201
0,500,1615007896567571,19803789
0,500,1615007896567647,15863245
0,500,1615007896594298,15750126
0,500,1615007896594545,15740407
0,500,1615007896624993,14172476
0,500,1615007896632521,15563623
0,500,1615007896650858,15570062
0,500,1615007896654205,15552607
0,500,1615007896654410,15552014
0,500,1615007896686743,15497255
0,500,1615007896714970,15451742
0,500,1615007896715117,15450258
0,500,1615007896715307,15363150
0,500,1615007896743402,17462793
0,500,1615007896747095,15300471
0,500,1615007896748416,15265045
0,500,1615007896762006,15065484
0,500,1615007896762975,14556445
0,500,1615007896764062,14557161
0,500,1615007896805301,14572676
0,500,1615007896805607,14555421
0,500,1615007896805713,14551152
0,500,1615007896805746,14547519
0,500,1615007896805847,14481765
0,500,1615007896831954,18492643
0,500,1615007896832073,19262695
0,500,1615007896845298,14432038
0,500,1615007896873928,19619787
0,500,1615007896906748,17980686
0,500,1615007896935892,19264760
0,500,1615007896936741,14390328
0,500,1615007896938363,17615015
0,500,1615007896966461,19298916
0,500,1615007896967500,19727541
0,500,1615007897016984,18055868
0,500,1615007897043027,14471541
0,500,1615007897076790,19792237
0,500,1615007897098576,19297744
0,500,1615007897192475,19923802
0,500,1615007897214398,19160507
0,500,1615007897219486,19710589
0,500,1615007897221671,17885777
0,500,1615007897222008,19934212
0,500,1615007897253168,18191320
0,500,1615007897254091,14823194
0,500,1615007897268949,18839497
0,500,1615007897296820,14704125
0,500,1615007897366050,20525051
0,500,1615007897419209,19744360
0,500,1615007897464932,14810542
0,500,1615007897471739,18383097
0,500,1615007897501908,20201318
0,500,1615007897525940,19994661
0,500,1615007897528748,20509328
0,500,1615007897534749,19468639
0,500,1615007897535525,20231587
0,500,1615007897557477,20244588
0,500,1615007897562930,20202029
0,500,1615007897595926,20025737
0,500,1615007897596172,18136026
0,500,1615007897612709,19168055
0,500,1615007897687667,15138575
0,500,1615007897711574,18105137
0,500,1615007897711760,15006659
0,500,1615007897733656,18573363
0,500,1615007897733763,20260603
0,500,1615007897733863,20714025
0,500,1615007897763361,20033728
0,500,1615007897807217,15068202
0,500,1615007897845495,20504521
0,500,1615007897883087,19761215
0,500,1615007897888202,19385761
0,500,1615007897893504,20495867
0,500,1615007897921417,15298737
0,500,1615007897948307,18338461
0,500,1615007897948733,20592919
0,500,1615007898005627,18808814
0,500,1615007898017046,15249701
0,500,1615007898032903,20374425
0,500,1615007898057621,20701666
0,500,1615007898126992,20748389
0,500,1615007898149980,20759463
0,500,1615007898226931,20792937
0,500,1615007898227133,20735820
0,500,1615007898247506,20621731
0,500,1615007898302825,20583142
0,500,1615007898339249,15714733
0,500,1615007898339362,19834022
0,500,1615007898339909,20532413
0,500,1615007898364134,18621632
0,500,1615007898398595,20935469
0,500,1615007898402883,20236034
0,500,1615007898486783,21297150
0,500,1615007898487286,15677332
0,500,1615007898495458,20882540
0,500,1615007898503252,19258525
0,500,1615007898553606,18616493
0,500,1615007898553738,15920901
0,500,1615007898587765,15743826
0,500,1615007898610002,20946212
0,500,1615007898611050,20997854
0,500,1615007898611312,20836130
0,500,1615007898611370,20665910
0,500,1615007898644687,20043668
0,500,1615007898661172,21383194
0,500,1615007898661436,15642156
0,500,1615007898691945,20943899
0,500,1615007898718942,20996789
0,500,1615007898720773,20929326
0,500,1615007898720956,15614396
0,500,1615007898722156,15578955
0,500,1615007898743155,21427368
0,500,1615007898743448,20930614
0,500,1615007898743711,15592482
0,500,1615007898772788,20913880
0,500,1615007898794112,20933434
0,500,1615007898794378,15596932
0,500,1615007898795318,20618980
0,500,1615007898812694,20959487
0,500,1615007898813503,21431580
0,500,1615007898857250,15597266
0,500,1615007898941852,19674549
0,500,1615007898941985,19004525
0,500,1615007898985949,19718021
0,500,1615007899029955,16323933
0,500,1615007899031647,21071945
0,500,1615007899094571,20474792
0,500,1615007899095728,21211906
0,500,1615007899123468,21144924
0,500,1615007899123646,21738127
0,500,1615007899123690,19766407
0,500,1615007899139757,19174942
0,500,1615007899139888,15832060
0,500,1615007899171442,16453738
0,500,1615007899188726,21117492
0,500,1615007899220850,21244665
0,500,1615007899221731,19149443
0,500,1615007899221928,21596515
0,500,1615007899222226,20595211
0,500,1615007899243025,21000328
0,500,1615007899306857,21269697
0,500,1615007899307493,19867405
0,500,1615007899321909,21393938
0,500,1615007899321974,16531509
0,500,1615007899344535,16031149
0,500,1615007899359205,21934207
0,500,1615007899359451,21429014
0,500,1615007899433512,19349920
0,500,1615007899434055,20796201
0,500,1615007899498888,19959071
0,500,1615007899499022,21406990
0,500,1615007899499767,21406257
0,500,1615007899502066,21484476
0,500,1615007899528810,21412412
0,500,1615007899575289,21928958
0,500,1615007899575800,16214681
0,500,1615007899616698,16744033
0,500,1615007899617357,20927716
0,500,1615007899617499,16184791
0,500,1615007899641238,16172166
0,500,1615007899662253,20099173
0,500,1615007899681812,19541870
0,500,1615007899682043,20969223
0,500,1615007899682166,16148305
0,500,1615007899710612,21450885
0,500,1615007899792575,21637824
0,500,1615007899792896,22341502
0,500,1615007899793777,16244357
0,500,1615007899794014,21655152
0,500,1615007899803674,20238138
0,500,1615007899803822,21060399
0,500,1615007899834409,16210058
0,500,1615007899834612,21542951
0,500,1615007899868641,21054422
0,500,1615007899904511,20318069
0,500,1615007899934153,16139672
0,500,1615007899948499,17062038
0,500,1615007899948594,21593108
0,500,1615007899987306,19834108
0,500,1615007900007783,21979422
0,500,1615007900027900,21171314
0,500,1615007900072899,21741855
0,500,1615007900073043,22426342
0,500,1615007900073223,21922107
0,500,1615007900128914,16281717
0,500,1615007900136134,20484684
0,500,1615007900310631,19972924
0,500,1615007900310963,17322114
0,500,1615007900311047,16462437
0,500,1615007900311279,21803363
0,500,1615007900361836,22048086
0,500,1615007900391781,21521074
0,500,1615007900475473,22811991
0,500,1615007900476505,17425775
0,500,1615007900610889,17462277
0,500,1615007900611655,17149686
0,500,1615007900611778,17147040
0,500,1615007900620948,22205622
0,500,1615007900622044,23081606
0,500,1615007900622871,22440390
0,500,1615007900651012,16721300
0,500,1615007900652992,17035361
0,500,1615007900653324,17029184
0,500,1615007900733988,17102955
0,500,1615007900734103,17014036
0,500,1615007900734190,22530263
0,500,1615007900734277,20378271
0,500,1615007900756422,21039855
0,500,1615007900776909,16893128
0,500,1615007900808503,16900234
0,500,1615007900851726,21979913
0,500,1615007900852887,16777912
0,500,1615007900852999,16944329
0,500,1615007900895147,22354956
0,500,1615007900901468,16824292
0,500,1615007900928824,16807837
0,500,1615007900936571,16743043
0,500,1615007900948451,16689003
0,500,1615007900948798,16643574
0,500,1615007900967911,16625277
0,500,1615007901008733,16600704
0,500,1615007901009004,16509472
0,500,1615007901013513,22351621
0,500,1615007901014517,22623009
0,500,1615007901042631,22353756
0,500,1615007901063094,22738010
0,500,1615007901066632,23366570
0,500,1615007901067425,22638334
0,500,1615007901067824,20672479
0,500,1615007901069459,22150037
0,500,1615007901084228,21356738
0,500,1615007901086954,23475250
0,500,1615007901095621,16564718
0,500,1615007901096988,16977210
0,500,1615007901124283,22821185
0,500,1615007901124589,22395015
0,500,1615007901209565,22779414
0,500,1615007901210006,20646817
0,500,1615007901245782,17105211
0,500,1615007901270152,22334219
0,500,1615007901284028,22905122
0,500,1615007901284661,22869030
0,500,1615007901285953,23614490
0,500,1615007901286292,22848288
0,500,1615007901308211,21549400
0,500,1615007901308570,16723702
0,500,1615007901310499,23449495
0,500,1615007901329134,20700150
0,500,1615007901355345,22187473
0,500,1615007901378379,16792029
0,500,1615007901396958,22192420
0,500,1615007901399622,22942038
0,500,1615007901423175,17182669
0,500,1615007901423524,22676044
0,500,1615007901482155,23098844
0,500,1615007901507299,20813753
0,500,1615007901512533,23793083
0,500,1615007901526817,22306936
0,500,1615007901535676,21756625
0,500,1615007901577827,23051014
0,500,1615007901646113,17383576
0,500,1615007901698698,23226835
0,500,1615007901711313,23849030
0,500,1615007901715227,16999445
0,500,1615007901716239,22967250
0,500,1615007901746491,23240482
0,500,1615007901790763,23189298
0,500,1615007901819441,23898724
0,500,1615007901819560,17099179
0,500,1615007901843265,22063828
0,500,1615007901843673,17573800
0,500,1615007901847824,22585486
0,500,1615007901851598,23089692
0,500,1615007901857203,21048249
0,500,1615007901877659,23490559
0,500,1615007901909110,24156194
0,500,1615007901924108,23390890
0,500,1615007901959488,17681835
0,500,1615007901961802,24102117
0,500,1615007901965407,24075335
0,500,1615007901968820,23432534
0,500,1615007901973976,23429848
0,500,1615007901977241,24009365
0,500,1615007901977476,23420861
0,500,1615007901977620,23367935
0,500,1615007901982640,23423403
0,500,1615007902002076,23353659
0,500,1615007902019005,24086515
0,500,1615007902030019,17257607
0,500,1615007902030240,23442036
0,500,1615007902045701,23252994
0,500,1615007902064810,23230315
0,500,1615007902086673,24078166
0,500,1615007902086997,23510253
0,500,1615007902102566,23359565
0,500,1615007902110117,24075425
0,500,1615007902124414,23461674
0,500,1615007902128361,17737410
0,500,1615007902129442,24070128
0,500,1615007902129821,23441467
0,500,1615007902130959,23365007
0,500,1615007902137156,22874560
0,500,1615007902148542,21307619
0,500,1615007902156529,23361309
0,500,1615007902158918,24097525
0,500,1615007902165291,23407963
0,500,1615007902182160,24101213
0,500,1615007902186111,23341588
0,500,1615007902189883,23357486
0,500,1615007902241691,23395344
0,500,1615007902258576,22449251
0,500,1615007902270390,24176275
0,500,1615007902275005,23327620
0,500,1615007902282324,17286459
0,500,1615007902327945,24368763
0,500,1615007902346646,17328035
0,500,1615007902351625,23452597
0,500,1615007902364073,23416302
0,500,1615007902365634,24184679
0,500,1615007902366958,23518925
0,500,1615007902455204,17335195
0,500,1615007902544853,18012832
0,500,1615007902596503,23650782
0,500,1615007902606501,23641411
0,500,1615007902608658,24405495
0,500,1615007902633261,23321258
0,500,1615007902647848,23774974
0,500,1615007902716845,22740201
0,500,1615007902942593,23593818
0,500,1615007902979065,23571726
0,500,1615007903043247,23597526
0,500,1615007903098705,24412427
0,500,1615007903113507,23011194
0,500,1615007903135520,17997983
0,500,1615007903196831,23657589
0,500,1615007903234200,22284448
0,500,1615007903258803,18612382
0,500,1615007903284181,25271051
0,500,1615007903284522,24384156
0,500,1615007903322275,24433720
0,500,1615007903523096,18367230
0,500,1615007903523405,25245231
0,500,1615007903523522,18831872
0,500,1615007903546108,22532354
0,500,1615007903565504,24394306
0,500,1615007903565858,24504386
0,500,1615007903602823,23950869
0,500,1615007903746496,23570490
0,500,1615007903772465,22722040
0,500,1615007903790406,22717377
0,500,1615007903885684,22783505
0,500,1615007903885801,22637883
0,500,1615007903886107,22537880
0,500,1615007903939828,24978500
0,500,1615007903940262,25778298
0,500,1615007903941076,22546955
0,500,1615007903965513,25042224
0,500,1615007903966675,22479678
0,500,1615007903993749,25280229
0,500,1615007904039239,22460572
0,500,1615007904058831,22424199
0,500,1615007904071900,18892743
0,500,1615007904098233,24312032
0,500,1615007904111543,22311951
0,500,1615007904146130,22323746
0,500,1615007904187289,22356339
0,500,1615007904221499,19410780
0,500,1615007904226716,22311236
0,500,1615007904270248,22322012
0,500,1615007904290271,25958760
0,500,1615007904303765,25186736
0,500,1615007904313079,25114425
0,500,1615007904318793,22283085
0,500,1615007904347353,22257460
0,500,1615007904384496,22187799
0,500,1615007904436919,22094053
0,500,1615007904471009,22126270
0,500,1615007904515273,21981153
0,500,1615007904562066,21976460
0,500,1615007904617549,22026901
0,500,1615007904653060,24163426
0,500,1615007904673406,21908849
0,500,1615007904757965,19900653
0,500,1615007904762426,19476357
0,500,1615007904775525,22010661
0,500,1615007904799957,25845832
0,500,1615007904846800,25036951
0,500,1615007904879871,26687815
0,500,1615007904910431,25773645
0,500,1615007905239352,22468667
0,500,1615007905241643,22050050
0,500,1615007905243211,21980460
0,500,1615007905247204,26375763
0,500,1615007905324054,26981435
0,500,1615007905348238,22053253
0,500,1615007905370528,26229137
0,500,1615007905390674,26154413
0,500,1615007905411637,20534532
0,500,1615007905416745,22010324
0,500,1615007905478103,24845603
0,500,1615007905519397,20074931
0,500,1615007905552757,25721578
0,500,1615007905576442,26559563
0,500,1615007905673040,27404934
0,500,1615007905680116,26484849
0,500,1615007905702787,20769100
0,500,1615007905849244,25146909
0,500,1615007905854219,26964991
0,500,1615007905864185,22415645
0,500,1615007905864875,20276038
0,500,1615007905971954,26077598
0,500,1615007905974397,27579657
0,500,1615007905980265,26799317
0,500,1615007905980655,20955949
0,500,1615007906021593,26944553
0,500,1615007906021971,26754306
0,500,1615007906130619,20531460
0,500,1615007906155384,27877507
0,500,1615007906262176,27059735
0,500,1615007906339673,22881588
0,500,1615007906368613,25653436
0,500,1615007906377717,21151163
0,500,1615007906465269,27222427
0,500,1615007906466113,27543273
0,500,1615007906488515,28081663
0,500,1615007906501546,26601898
0,500,1615007906535428,27242451
0,500,1615007906549465,27269019
0,500,1615007906605755,20974836
0,500,1615007906630552,25837645
0,500,1615007906663382,23187649
0,500,1615007906822049,25961593
0,500,1615007906822432,25832175
0,500,1615007906841139,25699619
0,500,1615007906901931,25745043
0,500,1615007906920822,28564862
0,500,1615007906921374,27643471
0,500,1615007906967483,21721996
0,500,1615007907003978,25806027
0,500,1615007907097957,25894333
0,500,1615007907098033,27843811
0,500,1615007907152861,23627336
0,500,1615007907185098,21367097
0,500,1615007907208867,23658958
0,500,1615007907234210,27332675
0,500,1615007907239181,26022396
0,500,1615007907274235,23716709
0,500,1615007907364120,22042163
0,500,1615007907385983,28934780
0,500,1615007907387346,28002856
0,500,1615007907391114,27910435
0,500,1615007907574836,22129917
0,500,1615007907624774,27680227
0,500,1615007907659465,22192134
0,500,1615007907667804,21814920
0,500,1615007907746695,28450966
0,500,1615007907761156,22293506
0,500,1615007907777246,22290102
0,500,1615007907781499,27800399
0,500,1615007907795045,24052235
0,500,1615007907840731,29391546
0,500,1615007907909529,28566405
0,500,1615007907933774,26705129
0,500,1615007907971184,22091568
0,500,1615007908006631,29029902
0,500,1615007908086196,22598687
0,500,1615007908281977,24527556
0,500,1615007908292726,29821237
0,500,1615007908311229,28905166
0,500,1615007908324218,28817819
0,500,1615007908327008,22401521
0,500,1615007908347372,28318258
0,500,1615007908347941,28924761
0,500,1615007908349038,29040354
0,500,1615007908373396,24583271
0,500,1615007908407214,22717699
0,500,1615007908408755,29888453
0,500,1615007908546827,27146788
0,500,1615007908554479,29547908
0,500,1615007908604640,28568118
0,500,1615007908605756,22888851
0,500,1615007908660247,29229625
0,500,1615007908832728,22804403
0,500,1615007908834131,30237890
0,500,1615007908855165,28715993
0,500,1615007908855292,28715686
0,500,1615007908855628,28690848
0,500,1615007908855725,28611771
0,500,1615007908912463,29418600
0,500,1615007908913479,29359577
0,500,1615007908954937,28618494
0,500,1615007908955031,28618134
0,500,1615007908960189,23124776
0,500,1615007908992021,25188246
0,500,1615007909148771,28779979
0,500,1615007909156394,29694682
0,500,1615007909175633,29667396
0,500,1615007909241564,27800236
0,500,1615007909254750,25424477
0,500,1615007909255045,23211315
0,500,1615007909280732,23421938
0,500,1615007909282627,30761175
0,500,1615007909345803,28875537
0,500,1615007909427341,30302657
0,500,1615007909511973,25568563
0,500,1615007909531552,30915773
0,500,1615007909576808,29872844
0,500,1615007909581397,29963516
0,500,1615007909592578,23493861
0,500,1615007909605944,30106891
0,500,1615007909606732,23647115
0,500,1615007909637973,28195493
0,500,1615007909679927,30169221
0,500,1615007909686577,31159264
0,500,1615007909730155,29221297
0,500,1615007909825717,29304015
0,500,1615007909825886,29271267
0,500,1615007909899298,29258228
0,500,1615007909899647,29178661
0,500,1615007910038411,29270931
0,500,1615007910059510,29266436
0,500,1615007910151347,29314886
0,500,1615007910151661,29308482
0,500,1615007910159107,28925478
0,500,1615007910200558,26253520
0,500,1615007910242521,28885173
0,500,1615007910324433,24363483
0,500,1615007910355268,24218397
0,500,1615007910373941,30814961
0,500,1615007910458030,31299495
0,500,1615007910482712,30856788
0,500,1615007910507872,31820559
0,500,1615007910627646,32000260
0,500,1615007910634667,29269304
0,500,1615007910642971,31101608
0,500,1615007910643855,30902125
0,500,1615007910672442,24638721
0,500,1615007910700120,26560780
0,500,1615007910825512,29357850
0,500,1615007911067536,31470678
0,500,1615007911070557,31463694
0,500,1615007911071546,32333813
0,500,1615007911071868,32309629
0,500,1615007911072680,26905597
0,500,1615007911073443,24918118
0,500,1615007911074793,31784183
0,500,1615007911241383,25168040
0,500,1615007911269057,31609736
0,500,1615007911317521,32593562
0,500,1615007911323155,29896933
0,500,1615007911324711,31781527
0,500,1615007911327659,25011263
0,500,1615007911328433,31531034
0,500,1615007911447216,32633468
0,500,1615007911457948,25107277
0,500,1615007911485694,31604268
0,500,1615007911496455,25274708
0,500,1615007911559157,27365912
0,500,1615007911561812,25124453
0,500,1615007911592069,29987574
0,500,1615007911689719,32954394
0,500,1615007911713037,32037488
0,500,1615007911729347,32081724
0,500,1615007911824119,30375193
0,500,1615007911872583,32063648
0,500,1615007911902786,25460099
0,500,1615007912146307,32583524
0,500,1615007912176243,27941055
0,500,1615007912179851,25957307
0,500,1615007912204360,32299968
0,500,1615007912217334,33234199
0,500,1615007912255434,30744554
0,500,1615007912258753,30585195
0,500,1615007912327031,33557861
0,500,1615007912328754,32586748
0,500,1615007912360265,25824803
0,500,1615007912477596,32603642
0,500,1615007912505523,30975296
0,500,1615007912586168,32649692
0,500,1615007912602336,33609878
0,500,1615007912621929,26393800
0,500,1615007912622525,32946477
0,500,1615007912645784,30938106
0,500,1615007912700255,26104275
0,500,1615007912816657,33250532
0,500,1615007912819548,28533378
0,500,1615007912821255,34010903
0,500,1615007912848565,33090892
0,500,1615007912983310,33071197
0,500,1615007913041893,33077946
0,500,1615007913055863,34036008
0,500,1615007913078094,26434594
0,500,1615007913150058,26898614
0,500,1615007913262596,31722114
0,500,1615007913398803,33314786
0,500,1615007913435747,29072499
0,500,1615007913471831,31688761
0,500,1615007913575757,33898029
0,500,1615007913576189,26897937
0,500,1615007913577510,33984327
0,500,1615007913577998,34473957
0,500,1615007913705895,29324641
0,500,1615007913809185,33909091
0,500,1615007913832338,34219768
0,500,1615007913861000,27592483
0,500,1615007913944662,27226154
0,500,1615007914025774,35154731
0,500,1615007914043321,32233368
0,500,1615007914044195,32485134
0,500,1615007914045836,33990971
0,500,1615007914243354,29811731
0,500,1615007914275436,35157075
0,500,1615007914276537,34181583
0,500,1615007914297213,27562269
0,500,1615007914427119,32864525
0,500,1615007914484955,28176717
0,500,1615007914511483,32607619
0,500,1615007914561491,30124769
0,500,1615007914566132,35425716
0,500,1615007914566672,34755940
0,500,1615007914607291,34642854
0,500,1615007914616609,34513747
0,500,1615007914675004,34556821
0,500,1615007914675427,35044012
0,500,1615007914676168,30165849
0,500,1615007914747501,34924272
0,500,1615007914749215,35877275
0,500,1615007915249654,28424824
0,500,1615007915442583,29100901
0,500,1615007915443003,35239326
0,500,1615007915443104,35461710
0,500,1615007915443136,36535824
0,500,1615007915443218,33774714
0,500,1615007915681620,33765247
0,500,1615007915682798,31172030
0,500,1615007915683252,31122112
0,500,1615007915683357,36495856
0,500,1615007915683501,36029185
0,500,1615007915845646,31221389
0,500,1615007915845937,28994654
0,500,1615007915846416,29387392
0,500,1615007915894263,35764396
0,500,1615007915894381,34213182
0,500,1615007915894417,36040278
0,500,1615007916072363,29211724
0,500,1615007916206952,37218672
0,500,1615007916207209,36491097
0,500,1615007916592769,34389987
0,500,1615007916593446,36319377
0,500,1615007916593489,31852639
0,500,1615007916593563,36442055
0,500,1615007916593641,30105248
0,500,1615007916593672,34899899
0,500,1615007916593754,29725776
0,500,1615007916593785,37321228
0,500,1615007916593859,36360090
