1,200,1615007872302348,388441
1,200,1615007872307860,366281
1,200,1615007872425278,388415
1,200,1615007872429239,492476
1,200,1615007872430061,540333
1,200,1615007872469511,587554
1,200,1615007872523527,354243
1,200,1615007872532650,603548
1,200,1615007872536234,632347
1,200,1615007872558830,654626
1,200,1615007872562242,675950
1,200,1615007872569603,580868
1,200,1615007872642924,313994
1,200,1615007872656510,763557
1,200,1615007872660259,351394
1,200,1615007872672070,744919
1,200,1615007872677609,595374
1,200,1615007872727379,756088
1,200,1615007872815011,485041
1,200,1615007872846700,943157
1,200,1615007872858305,501933
1,200,1615007872894690,783906
1,200,1615007872963455,1014711
1,200,1615007873002751,912635
1,200,1615007873016565,1061342
1,200,1615007873018293,633765
1,200,1615007873048637,690655
1,200,1615007873153931,1201532
1,200,1615007873189902,789966
1,200,1615007873207747,850937
1,200,1615007873208325,897748
1,500,1615007873237683,1310227
1,500,1615007873277316,1279698
1,500,1615007873280970,1380537
1,500,1615007873282951,1356163
1,500,1615007873287076,1312446
1,500,1615007873289815,1374139
1,200,1615007873322998,1327790
1,500,1615007873845712,1685702
1,500,1615007873845855,1543687
1,500,1615007873847112,1827068
1,500,1615007873847232,1933064
1,500,1615007873850118,1542267
1,500,1615007873869827,1800880
1,500,1615007873870421,1541107
1,500,1615007873878537,1952309
1,500,1615007873893809,1950155
1,500,1615007873893916,1485649
1,500,1615007873913554,1582938
1,500,1615007873919464,1562265
1,500,1615007873921917,1809964
1,500,1615007873938048,2018195
1,500,1615007873948872,1500672
1,500,1615007873949070,1915689
1,500,1615007873955205,1569668
1,500,1615007873965494,1655431
1,500,1615007873987893,1579300
1,500,1615007874002137,2001230
1,500,1615007874002515,1589765
1,500,1615007874042571,1712309
1,500,1615007874045689,1620425
1,500,1615007874054574,2050374
1,500,1615007874064882,2120923
1,500,1615007874091716,2130682
1,500,1615007874096488,1722412
1,500,1615007874144448,1816212
1,500,1615007874168793,1726173
1,500,1615007874218651,2143167
1,500,1615007874218901,1770024
1,500,1615007874227336,2238941
1,500,1615007874227535,1852994
1,500,1615007874238253,1837879
1,500,1615007874242890,1823609
1,500,1615007874245421,1797640
1,500,1615007874357399,2287700
1,500,1615007874357802,1862050
1,500,1615007874358593,2341889
1,500,1615007874388276,2277105
1,500,1615007874390958,2279365
1,500,1615007874393833,1968994
1,500,1615007874394154,1933345
1,500,1615007874394648,1829095
1,500,1615007874395921,1852365
1,500,1615007874401564,1909149
1,500,1615007874413399,2343530
1,500,1615007874416241,2087626
1,500,1615007874420403,2307528
1,500,1615007874421171,1991942
1,500,1615007874429148,1998705
1,500,1615007874429732,1945082
1,500,1615007874434537,2106674
1,500,1615007874443050,2410859
1,500,1615007874444170,2037012
1,500,1615007874459109,1909209
1,500,1615007874468870,1851894
1,500,1615007874472654,2026413
1,500,1615007874474202,2118237
1,500,1615007874484385,2041364
1,500,1615007874669006,2075060
1,500,1615007874669508,2367183
1,500,1615007874670138,2223408
1,500,1615007874695290,2246758
1,500,1615007874697156,2209159
1,500,1615007874698214,2601632
1,500,1615007874704940,2280442
1,500,1615007874705764,2350238
1,500,1615007874706414,2259283
1,500,1615007874795762,2375911
1,500,1615007874805758,2376054
1,500,1615007874806062,2135343
1,500,1615007874806149,2096556
1,500,1615007874808483,2036682
1,500,1615007874808561,2030956
1,500,1615007874809391,1845207
1,500,1615007874811027,2185542
1,500,1615007874811126,1846577
1,500,1615007874811225,1795085
1,500,1615007874811647,1918169
1,500,1615007874811981,2503642
1,500,1615007874812229,2482744
1,500,1615007874812384,2454723
1,500,1615007874818186,2406157
1,500,1615007874820052,2208463
1,500,1615007874835393,2733330
1,500,1615007874837355,2365811
1,500,1615007874840747,2391537
1,500,1615007874843430,2291147
1,500,1615007874845087,2517631
1,500,1615007874889128,1925684
1,500,1615007874889684,2442235
1,500,1615007874899201,2449651
1,500,1615007874901846,2265528
1,500,1615007874902321,2575317
1,500,1615007874956290,1940604
1,500,1615007874964234,1910409
1,500,1615007874975688,2409709
1,500,1615007874976292,2333387
1,500,1615007874977435,2476760
1,500,1615007874988086,2397416
1,500,1615007875004827,2649678
1,500,1615007875048113,2338312
1,500,1615007875076798,2601722
1,500,1615007875077163,1988813
1,500,1615007875086670,2703638
1,500,1615007875096139,2042642
1,500,1615007875114687,2471415
1,500,1615007875145196,2482094
1,500,1615007875156161,2426165
1,500,1615007875179416,2709366
1,500,1615007875181731,2798188
1,500,1615007875204965,2312247
1,500,1615007875221842,2814313
1,500,1615007875241550,1798949
1,500,1615007875250091,2348611
1,500,1615007875264361,2261974
1,500,1615007875278538,2277724
1,500,1615007875289748,2750768
1,500,1615007875290505,2773508
1,500,1615007875290761,2572542
1,500,1615007875313042,2740033
1,500,1615007875317532,2269399
1,500,1615007875319645,2246247
1,500,1615007875320340,2130717
1,500,1615007875330445,1878149
1,500,1615007875339617,2135905
1,500,1615007875353044,2695193
1,500,1615007875399185,1883881
1,500,1615007875399542,1820850
1,500,1615007875404610,1872306
1,500,1615007875405274,2997329
1,500,1615007875430857,2909092
1,500,1615007875431160,2911959
1,500,1615007875436014,2686806
1,500,1615007875436416,2361868
1,500,1615007875455649,1800665
1,500,1615007875471108,1794775
1,500,1615007875471429,2867155
1,500,1615007875474081,1867621
1,500,1615007875482511,2430014
1,500,1615007875495413,2785458
1,500,1615007875496076,2831435
1,500,1615007875496605,1785023
1,500,1615007875525895,3095842
1,500,1615007875526343,2964119
1,500,1615007875550592,2657497
1,500,1615007875581927,2435705
1,500,1615007875582395,1818044
1,500,1615007875582638,1475216
1,500,1615007875593127,1950475
1,500,1615007875595099,2955657
1,500,1615007875595809,2521903
1,500,1615007875596110,2484242
1,500,1615007875613617,2921770
1,500,1615007875650169,2007238
1,500,1615007875653691,3077949
1,500,1615007875674662,2857204
1,500,1615007875688682,1546855
1,500,1615007875700226,2737284
1,500,1615007875707308,2552211
1,500,1615007875712490,2023646
1,500,1615007875712881,3251626
1,500,1615007875749919,3117855
1,500,1615007875750319,1451235
1,500,1615007875750659,3056315
1,500,1615007875801223,3220816
1,500,1615007875825593,2978927
1,500,1615007875832970,3162656
1,500,1615007875849598,2725138
1,500,1615007875850234,1430936
1,500,1615007875872601,2150557
1,500,1615007875877245,3018962
1,500,1615007875878281,2700198
1,500,1615007875903794,3249815
1,500,1615007875904110,3222245
1,500,1615007875904555,3159380
1,500,1615007875904765,3058448
1,500,1615007875905558,3013698
1,500,1615007875906099,3005536
1,500,1615007875922686,1458939
1,500,1615007875937402,2971134
1,500,1615007875942831,3228169
1,500,1615007875943205,3213507
1,500,1615007875944813,2978874
1,500,1615007875944913,2926631
1,500,1615007875947296,2946316
1,500,1615007875948122,2929450
1,500,1615007875957617,3185990
1,500,1615007875974637,2766016
1,500,1615007875981944,2909081
1,500,1615007875984708,3168581
1,500,1615007875995777,2759282
1,500,1615007876007367,2917083
1,500,1615007876010429,3116559
1,500,1615007876016104,2763431
1,500,1615007876021158,2180543
1,500,1615007876021353,3484699
1,500,1615007876032508,2850293
1,500,1615007876064578,1589171
1,500,1615007876075977,3111072
1,500,1615007876086146,2683922
1,500,1615007876100466,2846003
1,500,1615007876138883,3090258
1,500,1615007876158428,2832273
1,500,1615007876161860,3507488
1,500,1615007876164355,3472881
1,500,1615007876165265,3091512
1,500,1615007876189206,1492064
1,500,1615007876189604,2852411
1,500,1615007876190303,3084478
1,500,1615007876207133,2855314
1,500,1615007876207402,3312724
1,500,1615007876220663,2915318
1,500,1615007876223367,3069446
1,500,1615007876231598,3117876
1,500,1615007876248077,2376109
1,500,1615007876248623,3232068
1,500,1615007876269927,1449886
1,500,1615007876291829,3572721
1,500,1615007876311551,2420368
1,500,1615007876313483,1411649
1,500,1615007876317512,2895899
1,500,1615007876348028,3569474
1,500,1615007876381413,2910750
1,500,1615007876388760,2483504
1,500,1615007876399039,3433593
1,500,1615007876403189,2995690
1,500,1615007876423750,3661716
1,500,1615007876442378,1465641
1,500,1615007876444788,3241282
1,500,1615007876447103,3313665
1,500,1615007876465852,2405297
1,500,1615007876522846,3468395
1,500,1615007876530921,2449316
1,500,1615007876531446,3782736
1,500,1615007876531809,1506895
1,500,1615007876531976,1476614
1,500,1615007876532540,3717078
1,500,1615007876546195,3529152
1,500,1615007876552849,3112946
1,500,1615007876561081,3038620
1,500,1615007876610307,1523982
1,500,1615007876708605,2504260
1,500,1615007876742855,3688799
1,500,1615007876776287,1661611
1,500,1615007876813411,4051026
1,500,1615007876817714,3511222
1,500,1615007876873758,3413260
1,500,1615007876873886,3819141
1,500,1615007876957894,3994012
1,500,1615007876980543,3977801
1,500,1615007877005974,3953180
1,500,1615007877009606,3856096
1,500,1615007877013291,1876265
1,500,1615007877014808,2731495
1,500,1615007877050458,3961169
1,500,1615007877051118,1889896
1,500,1615007877074153,2789230
1,500,1615007877086835,1917018
1,500,1615007877089445,4000576
1,500,1615007877099897,3987777
1,500,1615007877108118,3531048
1,500,1615007877109298,3650646
1,500,1615007877120928,3521090
1,500,1615007877136187,3958688
1,500,1615007877164248,1983540
1,500,1615007877184473,2825888
1,500,1615007877198093,4108199
1,500,1615007877199560,2017154
1,500,1615007877227825,4114746
1,500,1615007877234094,4416815
1,500,1615007877235563,2029985
1,500,1615007877241344,3903649
1,500,1615007877258848,4022003
1,500,1615007877263516,2863055
1,500,1615007877263762,3481673
1,500,1615007877277461,2048717
1,500,1615007877285364,4160598
1,500,1615007877324485,4212000
1,500,1615007877328344,3781012
1,500,1615007877345064,2090532
1,500,1615007877354969,3739843
1,500,1615007877362386,2942274
1,500,1615007877395412,4281991
1,500,1615007877399142,2046109
1,500,1615007877404395,4050433
1,500,1615007877436555,4542211
1,500,1615007877476329,4305076
1,500,1615007877476513,4342374
1,500,1615007877476549,4344101
1,500,1615007877476647,2808093
1,500,1615007877498163,2001096
1,500,1615007877551141,4313477
1,500,1615007877564431,4431428
1,500,1615007877564771,3762174
1,500,1615007877594203,4001975
1,500,1615007877606656,2013538
1,500,1615007877610770,2941777
1,500,1615007877622217,4229173
1,500,1615007877622395,4228953
1,500,1615007877629296,4405469
1,500,1615007877632710,4011145
1,500,1615007877653926,4500968
1,500,1615007877654393,4541743
1,500,1615007877703638,4280372
1,500,1615007877712226,4587106
1,500,1615007877731438,2919801
1,500,1615007877769133,2118982
1,500,1615007877803557,4400945
1,500,1615007877854219,4547994
1,500,1615007877878191,2127540
1,500,1615007877881626,4604342
1,500,1615007877892268,3003151
1,500,1615007877904378,4599663
1,500,1615007877912389,4092191
1,500,1615007877913194,4723308
1,500,1615007877929560,2150127
1,500,1615007877968587,2993492
1,500,1615007877978054,4368948
1,500,1615007877982138,4676276
1,500,1615007877982354,4675605
1,500,1615007877994549,3918328
1,500,1615007878001739,4359583
1,500,1615007878006174,2102392
1,500,1615007878044702,4694926
1,500,1615007878058130,3922115
1,500,1615007878068799,4687845
1,500,1615007878106805,4741225
1,500,1615007878118623,4621213
1,500,1615007878121229,4714116
1,500,1615007878127779,3942483
1,500,1615007878134485,4707149
1,500,1615007878138888,2070340
1,500,1615007878140499,3117359
1,500,1615007878147649,4993247
1,500,1615007878189024,3141276
1,500,1615007878221566,4680254
1,500,1615007878230586,3145284
1,500,1615007878239915,4862776
1,500,1615007878254057,3140055
1,500,1615007878272085,2189624
1,500,1615007878305105,5097402
1,500,1615007878305285,3158464
1,500,1615007878313021,4631066
1,500,1615007878313112,4898651
1,500,1615007878321858,2236923
1,500,1615007878329773,4107114
1,500,1615007878351169,3044206
1,500,1615007878353496,2265881
1,500,1615007878378417,3039045
1,500,1615007878419784,4974626
1,500,1615007878436023,2214171
1,500,1615007878440744,4960529
1,500,1615007878444681,4756357
1,500,1615007878452009,4834060
1,500,1615007878462281,3086533
1,500,1615007878467781,4778426
1,500,1615007878473536,5101388
1,500,1615007878482705,2235644
1,500,1615007878497108,5037351
1,500,1615007878498671,5245081
1,500,1615007878513836,2261636
1,500,1615007878517284,4122357
1,500,1615007878539661,2274029
1,500,1615007878544743,3139480
1,500,1615007878561579,2223526
1,500,1615007878561802,5091593
1,500,1615007878567927,5063610
1,500,1615007878602282,2226180
1,500,1615007878624847,5205818
1,500,1615007878641227,3166634
1,500,1615007878643164,2196071
1,500,1615007878658372,5102721
1,500,1615007878674842,5420089
1,500,1615007878692504,5062531
1,500,1615007878727902,5016946
1,500,1615007878728173,2195650
1,500,1615007878729961,4955796
1,500,1615007878743823,2134016
1,500,1615007878745357,3247719
1,500,1615007878755247,2109589
1,500,1615007878778667,1943418
1,500,1615007878792725,1947114
1,500,1615007878813406,1935981
1,500,1615007878814241,5292716
1,500,1615007878848598,1900594
1,500,1615007878850771,5364960
1,500,1615007878861091,5387023
1,500,1615007878863177,1881833
1,500,1615007878872902,4471351
1,500,1615007878897668,3303058
1,500,1615007878903506,5128210
1,500,1615007878956680,3303166
1,500,1615007878965122,1969450
1,500,1615007878965553,3267136
1,500,1615007878967928,5159010
1,500,1615007878973857,5350069
1,500,1615007878986185,3273312
1,500,1615007879005045,3245621
1,500,1615007879009926,3073248
1,500,1615007879011991,5092546
1,500,1615007879024599,3077311
1,500,1615007879034803,3078769
1,500,1615007879044588,5081839
1,500,1615007879046724,3077389
1,500,1615007879053881,5715835
1,500,1615007879067767,3040312
1,500,1615007879067896,5601049
1,500,1615007879069859,4649041
1,500,1615007879070199,5105816
1,500,1615007879077550,3002931
1,500,1615007879087635,2983468
1,500,1615007879097571,5416918
1,500,1615007879115316,5455027
1,500,1615007879132918,5083182
1,500,1615007879134232,5592508
1,500,1615007879153989,2984784
1,500,1615007879165664,2162221
1,500,1615007879191403,5421668
1,500,1615007879211919,5555388
1,500,1615007879215096,3021546
1,500,1615007879220681,5733225
1,500,1615007879244755,4760474
1,500,1615007879270855,5810749
1,500,1615007879272687,2225610
1,500,1615007879273346,3051881
1,500,1615007879282554,5080650
1,500,1615007879286626,5611071
1,500,1615007879289737,5667429
1,500,1615007879345729,5475923
1,500,1615007879363522,2262983
1,500,1615007879388943,3141304
1,500,1615007879390487,5714565
1,500,1615007879390580,2197439
1,500,1615007879414555,4603967
1,500,1615007879422455,3152548
1,500,1615007879423529,2210186
1,500,1615007879456795,5953029
1,500,1615007879475610,5760301
1,500,1615007879477660,5992372
1,500,1615007879491616,5485849
1,500,1615007879491861,3179763
1,500,1615007879495973,2179772
1,500,1615007879500170,5891607
1,500,1615007879511526,5773747
1,500,1615007879542596,5827121
1,500,1615007879553960,3223202
1,500,1615007879559017,2230403
1,500,1615007879583875,4738802
1,500,1615007879587760,2257028
1,500,1615007879620305,5695314
1,500,1615007879626386,2247010
1,500,1615007879635378,3286933
1,500,1615007879642172,5409394
1,500,1615007879649101,5932832
1,500,1615007879649236,6134357
1,500,1615007879652841,5612592
1,500,1615007879668993,2260790
1,500,1615007879692216,3316495
1,500,1615007879705466,2139963
1,500,1615007879740586,4777255
1,500,1615007879756959,5471138
1,500,1615007879759452,5969389
1,500,1615007879762194,6192326
1,500,1615007879763660,5669989
1,500,1615007879784357,4779541
1,500,1615007879800205,5944171
1,500,1615007879800577,5379416
1,500,1615007879808614,6186692
1,500,1615007879822121,5856251
1,500,1615007879822318,5714550
1,500,1615007879822436,4775349
1,500,1615007879822598,5388082
1,500,1615007879841774,4767569
1,500,1615007879853654,2147434
1,500,1615007879866642,5422489
1,500,1615007879877414,2159234
1,500,1615007879887629,5877679
1,500,1615007879892644,3468278
1,500,1615007879893216,6378754
1,500,1615007879983924,2240567
1,500,1615007879984069,2141299
1,500,1615007879987991,6182333
1,500,1615007879989102,6312473
1,500,1615007879989233,6311948
1,500,1615007879989639,4862403
1,500,1615007880017733,5904067
1,500,1615007880017871,6123475
1,500,1615007880018078,6268027
1,500,1615007880046462,5922826
1,500,1615007880046758,5993974
1,500,1615007880050563,5239581
1,500,1615007880067226,6345493
1,500,1615007880068484,6330352
1,500,1615007880068752,6135923
1,500,1615007880095609,3628174
1,500,1615007880111823,2237694
1,500,1615007880141448,5996664
1,500,1615007880164081,3656953
1,500,1615007880174046,6351384
1,500,1615007880195610,2217575
1,500,1615007880200611,6442043
1,500,1615007880204251,6648907
1,500,1615007880236124,3704695
1,500,1615007880236346,5012052
1,500,1615007880273824,6333660
1,500,1615007880314306,6162082
1,500,1615007880314787,6176308
1,500,1615007880335409,2316166
1,500,1615007880347675,5458777
1,500,1615007880348049,3796188
1,500,1615007880348728,6164607
1,500,1615007880394320,6558916
1,500,1615007880394599,6598604
1,500,1615007880407984,3846257
1,500,1615007880415127,6497344
1,500,1615007880415202,2256921
1,500,1615007880430822,5189565
1,500,1615007880430997,6821566
1,500,1615007880445498,6285821
1,500,1615007880458659,2270859
1,500,1615007880470287,3908021
1,500,1615007880485177,6127801
1,500,1615007880495273,5531056
1,500,1615007880495477,2226202
1,500,1615007880517659,2245163
1,500,1615007880539943,6592221
1,500,1615007880544297,6358252
1,500,1615007880553449,6617628
1,500,1615007880574094,6701722
1,500,1615007880575191,6410166
1,500,1615007880577299,5123882
1,500,1615007880611197,6632705
1,500,1615007880633791,6444293
1,500,1615007880652722,6656325
1,500,1615007880656800,6464410
1,500,1615007880657509,6443182
1,500,1615007880662669,6830774
1,500,1615007880666333,6272511
1,500,1615007880676101,6999211
1,500,1615007880692964,5110586
1,500,1615007880693356,5674783
1,500,1615007880695229,6635097
1,500,1615007880708517,6248597
1,500,1615007880727419,3907477
1,500,1615007880734417,6855895
1,500,1615007880742740,5116423
1,500,1615007880746435,7035329
1,500,1615007880753954,6293781
1,500,1615007880764180,6682145
1,500,1615007880775903,7059974
1,500,1615007880777854,6884063
1,500,1615007880782801,5102746
1,500,1615007880785620,6523470
1,500,1615007880804625,6134499
1,500,1615007880810975,7017480
1,500,1615007880812306,6859281
1,500,1615007880814995,5102827
1,500,1615007880818918,6462325
1,500,1615007880834953,7017173
1,500,1615007880835121,6831116
1,500,1615007880847011,6458748
1,500,1615007880853789,7002814
1,500,1615007880862903,6853636
1,500,1615007880870482,6469380
1,500,1615007880883222,6996776
1,500,1615007880902565,6963913
1,500,1615007880910923,6490530
1,500,1615007880911070,6212872
1,500,1615007880911374,6938407
1,500,1615007880911892,6895501
1,500,1615007880911999,6758049
1,500,1615007880912948,6940115
1,500,1615007880913211,6093664
1,500,1615007880913467,2566173
1,500,1615007880924843,6895100
1,500,1615007880929866,6726584
1,500,1615007880944169,6835991
1,500,1615007880950517,6115136
1,500,1615007880970200,6904748
1,500,1615007880977916,6678462
1,500,1615007880978402,6713290
1,500,1615007880980234,6550518
1,500,1615007880980437,6535688
1,500,1615007880983831,6081518
1,500,1615007880984007,6006879
1,500,1615007880984309,5958917
1,500,1615007880984656,6541129
1,500,1615007880991363,6515239
1,500,1615007880995647,6289896
1,500,1615007881003426,5941709
1,500,1615007881008348,2533245
1,500,1615007881008639,6520210
1,500,1615007881023068,6182331
1,500,1615007881023380,5936718
1,500,1615007881027812,4061117
1,500,1615007881027886,6221833
1,500,1615007881040662,6091419
1,500,1615007881040879,5921137
1,500,1615007881042996,6198346
1,500,1615007881053686,6066174
1,500,1615007881053992,5916659
1,500,1615007881059749,6103473
1,500,1615007881064429,6038168
1,500,1615007881066673,5905017
1,500,1615007881078588,5854044
1,500,1615007881087923,5350910
1,500,1615007881110919,6063477
1,500,1615007881148092,6950607
1,500,1615007881165489,2626451
1,500,1615007881180891,6785466
1,500,1615007881202740,4232962
1,500,1615007881207678,6130889
1,500,1615007881234632,2685508
1,500,1615007881254686,6355493
1,500,1615007881257754,7072046
1,500,1615007881268064,6205420
1,500,1615007881272797,2545301
1,500,1615007881277763,4024633
1,500,1615007881311648,7313903
1,500,1615007881311885,6141778
1,500,1615007881315376,5565468
1,500,1615007881320437,6206718
1,500,1615007881363842,6122300
1,500,1615007881365096,2617253
1,500,1615007881375140,6398857
1,500,1615007881395027,5625515
1,500,1615007881414558,7152854
1,500,1615007881418655,4060373
1,500,1615007881456766,6361026
1,500,1615007881462634,6438220
1,500,1615007881477307,2646095
1,500,1615007881487732,7074343
1,500,1615007881500550,4070854
1,500,1615007881504588,6376960
1,500,1615007881508210,7262246
1,500,1615007881521458,5731262
1,500,1615007881575666,4134342
1,500,1615007881576749,7291386
1,500,1615007881581761,6400697
1,500,1615007881590765,2581762
1,500,1615007881591004,6326653
1,500,1615007881593161,7543793
1,500,1615007881622619,4173008
1,500,1615007881645318,6849675
1,500,1615007881659072,2626832
1,500,1615007881674066,6625962
1,500,1615007881714885,5882721
1,500,1615007881737049,2625925
1,500,1615007881750722,4262137
1,500,1615007881756868,6671082
1,500,1615007881770626,6457628
1,500,1615007881789518,2539656
1,500,1615007881789642,7120145
1,500,1615007881806574,2402311
1,500,1615007881820725,5971139
1,500,1615007881821007,2343365
1,500,1615007881834416,7600845
1,500,1615007881839044,2165911
1,500,1615007881870699,2065625
1,500,1615007881881377,2060919
1,500,1615007881896383,7084410
1,500,1615007881896834,6776111
1,500,1615007881924875,6742172
1,500,1615007881950602,6494971
1,500,1615007881962697,7606269
1,500,1615007881970702,7126513
1,500,1615007881978578,2052837
1,500,1615007881980414,6866014
1,500,1615007881982817,4484669
1,500,1615007882012782,1896753
1,500,1615007882017801,6872617
1,500,1615007882018279,7748528
1,500,1615007882018554,6678996
1,500,1615007882049670,7159997
1,500,1615007882085206,7697423
1,500,1615007882091808,7141760
1,500,1615007882096893,4550246
1,500,1615007882113366,1989748
1,500,1615007882148572,7847285
1,500,1615007882174095,6797202
1,500,1615007882186009,6307284
1,500,1615007882186100,6964268
1,500,1615007882189906,7789336
1,500,1615007882193469,7189079
1,500,1615007882214741,7239064
1,500,1615007882232260,6735676
1,500,1615007882240895,2106659
1,500,1615007882248164,4638599
1,500,1615007882293984,7589057
1,500,1615007882301968,7173986
1,500,1615007882303162,6896773
1,500,1615007882307820,7262138
1,500,1615007882323263,1988295
1,500,1615007882327326,4705122
1,500,1615007882331364,7169064
1,500,1615007882357561,7999768
1,500,1615007882383688,7547147
1,500,1615007882386272,7312341
1,500,1615007882393686,6911967
1,500,1615007882416385,7392474
1,500,1615007882446342,7350212
1,500,1615007882468166,7565376
1,500,1615007882485943,6987978
1,500,1615007882494035,8098123
1,500,1615007882529179,7402228
1,500,1615007882529312,7366649
1,500,1615007882546158,7317104
1,500,1615007882547169,2149106
1,500,1615007882547923,7022504
1,500,1615007882548116,7570689
1,500,1615007882548157,6591851
1,500,1615007882573919,4875426
1,500,1615007882577463,2127072
1,500,1615007882598549,7419143
1,500,1615007882598672,8179042
1,500,1615007882601391,7422307
1,500,1615007882612134,1959433
1,500,1615007882612496,4848429
1,500,1615007882625902,7469749
1,500,1615007882626141,7099807
1,500,1615007882635519,7455656
1,500,1615007882635559,7372183
1,500,1615007882635623,7054130
1,500,1615007882645914,1960091
1,500,1615007882656074,7630251
1,500,1615007882682505,4754487
1,500,1615007882707274,1941041
1,500,1615007882710231,8003881
1,500,1615007882722708,6728364
1,500,1615007882758900,4829353
1,500,1615007882764882,7365721
1,500,1615007882773724,1982170
1,500,1615007882798267,7616549
1,500,1615007882808453,7154775
1,500,1615007882808639,7746422
1,500,1615007882809308,1912347
1,500,1615007882809540,7561112
1,500,1615007882836534,7546803
1,500,1615007882837908,1908052
1,500,1615007882850360,7680958
1,500,1615007882876170,4935396
1,500,1615007882882779,1926543
1,500,1615007882930539,7494132
1,500,1615007882959100,1980708
1,500,1615007882960550,1828412
1,500,1615007882962149,7866805
1,500,1615007882962221,7285688
1,500,1615007882965334,6937545
1,500,1615007882966685,4995938
1,500,1615007882966923,8123507
1,500,1615007882971339,7272621
1,500,1615007883012298,7633837
1,500,1615007883017355,7521954
1,500,1615007883017423,7687387
1,500,1615007883019011,7814392
1,500,1615007883021665,1877383
1,500,1615007883023039,7902735
1,500,1615007883030157,5048853
1,500,1615007883051621,1882255
1,500,1615007883051736,7175759
1,500,1615007883058778,7878551
1,500,1615007883070617,6983334
1,500,1615007883092762,5043309
1,500,1615007883126318,7601865
1,500,1615007883126444,7983938
1,500,1615007883128649,1796525
1,500,1615007883128757,7946663
1,500,1615007883140140,7131313
1,500,1615007883148210,6941096
1,500,1615007883161571,7999561
1,500,1615007883178535,7627955
1,500,1615007883191679,7986722
1,500,1615007883227480,8057010
1,500,1615007883227672,1770088
1,500,1615007883233691,7001371
1,500,1615007883234691,7621867
1,500,1615007883256378,8074980
1,500,1615007883262687,8034281
1,500,1615007883283615,7608550
1,500,1615007883296019,7114388
1,500,1615007883301984,8051904
1,500,1615007883302126,6976591
1,500,1615007883325239,8375812
1,500,1615007883329149,1867163
1,500,1615007883337108,7578043
1,500,1615007883352830,7996975
1,500,1615007883355808,7919805
1,500,1615007883389565,8185215
1,500,1615007883389681,5228200
1,500,1615007883390070,8166121
1,500,1615007883390169,7689953
1,500,1615007883399047,7017898
1,500,1615007883408827,1894438
1,500,1615007883413325,8134800
1,500,1615007883429972,8206407
1,500,1615007883430846,8442770
1,500,1615007883430996,1792897
1,500,1615007883434645,7939658
1,500,1615007883444121,1781921
1,500,1615007883450837,7737019
1,500,1615007883458853,1578311
1,500,1615007883468328,1503994
1,500,1615007883470259,8229308
1,500,1615007883490143,8463441
1,500,1615007883498531,1518130
1,500,1615007883527952,1511130
1,500,1615007883528487,7779425
1,500,1615007883572823,8309112
1,500,1615007883574452,8050392
1,500,1615007883604762,1530983
1,500,1615007883610682,5311389
1,500,1615007883616361,1542219
1,500,1615007883637110,8574215
1,500,1615007883719094,1621297
1,500,1615007883727216,1629062
1,500,1615007883794627,5431709
1,500,1615007883798072,1633166
1,500,1615007883821056,7588196
1,500,1615007883828145,8067932
1,500,1615007883867773,1636569
1,500,1615007884005106,8225412
1,500,1615007884058846,8532971
1,500,1615007884060168,8604756
1,500,1615007884092601,7683759
1,500,1615007884094423,8716998
1,500,1615007884137516,8873482
1,500,1615007884138049,1781637
1,500,1615007884158895,1704197
1,500,1615007884159283,5660174
1,500,1615007884163133,5513095
1,500,1615007884166053,8669985
1,500,1615007884192100,8641964
1,500,1615007884206759,1722209
1,500,1615007884236278,5555328
1,500,1615007884236926,7976159
1,500,1615007884241817,8659898
1,500,1615007884242315,8306076
1,500,1615007884258869,8968377
1,500,1615007884261586,7839390
1,500,1615007884262078,8472756
1,500,1615007884268315,8990014
1,500,1615007884269581,1761086
1,500,1615007884304783,5514637
1,500,1615007884429507,8817279
1,500,1615007884478472,9043003
1,500,1615007884484062,9001560
1,500,1615007884484135,1896726
1,500,1615007884484443,1700726
1,500,1615007884484854,1616724
1,500,1615007884484913,1599279
1,500,1615007884485080,1542445
1,500,1615007884485121,5501815
1,500,1615007884485172,5293449
1,500,1615007884485296,5171064
1,500,1615007884486619,8961596
1,500,1615007884486950,8661366
1,500,1615007884487034,8862048
1,500,1615007884487245,8206928
1,500,1615007884487332,8414229
1,500,1615007884533621,8858967
1,500,1615007884533875,8109086
1,500,1615007884534763,9204331
1,500,1615007884534899,9157706
1,500,1615007884561763,8712925
1,500,1615007884562076,8277611
1,500,1615007884562879,1503289
1,500,1615007884563102,1473099
1,500,1615007884564806,1363100
1,500,1615007884565018,8993498
1,500,1615007884566235,9135084
1,500,1615007884566550,5226633
1,500,1615007884599139,1282966
1,500,1615007884599647,8919810
1,500,1615007884613186,8913316
1,500,1615007884615704,1276179
1,500,1615007884652086,9128424
1,500,1615007884652683,5269750
1,500,1615007884655900,9173784
1,500,1615007884666660,1275793
1,500,1615007884673195,8225501
1,500,1615007884696160,1293802
1,500,1615007884737450,8657748
1,500,1615007884745900,5323889
1,500,1615007884804375,8926704
1,500,1615007884831669,1419229
1,500,1615007884843962,9230361
1,500,1615007884860292,9456071
1,500,1615007884907406,9358223
1,500,1615007884917190,5488107
1,500,1615007884926714,9125509
1,500,1615007884952258,9046720
1,500,1615007884956303,9249009
1,500,1615007884961759,1410860
1,500,1615007884975833,9380037
1,500,1615007884988201,1406785
1,500,1615007884992966,9518896
1,500,1615007884999849,8860183
1,500,1615007884999980,9062587
1,500,1615007885000256,1307939
1,500,1615007885019757,9365309
1,500,1615007885019882,1317345
1,500,1615007885023771,9286976
1,500,1615007885033349,1265726
1,500,1615007885069976,9420329
1,500,1615007885074737,8476466
1,500,1615007885075827,1234591
1,500,1615007885076232,9387568
1,500,1615007885104565,9404942
1,500,1615007885109471,9395994
1,500,1615007885112219,9164109
1,500,1615007885112405,9155418
1,500,1615007885122358,9125791
1,500,1615007885124671,8984610
1,500,1615007885124902,8942776
1,500,1615007885131328,8844937
1,500,1615007885132666,9383100
1,500,1615007885132888,9363854
1,500,1615007885146708,1117371
1,500,1615007885160872,1098113
1,500,1615007885163634,9451159
1,500,1615007885164086,9426722
1,500,1615007885174505,9436326
1,500,1615007885180869,9421178
1,500,1615007885182455,9393479
1,500,1615007885197005,9178786
1,500,1615007885203470,9155062
1,500,1615007885204255,9528145
1,500,1615007885215537,8988410
1,500,1615007885216984,9427303
1,500,1615007885226812,5722826
1,500,1615007885227024,5682691
1,500,1615007885229167,1069897
1,500,1615007885254677,9731495
1,500,1615007885263374,1072056
1,500,1615007885271152,8592174
1,500,1615007885271284,8503019
1,500,1615007885274020,9289825
1,500,1615007885274464,9289768
1,500,1615007885277528,5680006
1,500,1615007885288729,1052460
1,500,1615007885300242,9072842
1,500,1615007885302576,8971411
1,500,1615007885314857,1053281
1,500,1615007885315502,9482901
1,500,1615007885321144,9218526
1,500,1615007885326681,8550408
1,500,1615007885327033,9296013
1,500,1615007885342652,8507708
1,500,1615007885355039,1072233
1,500,1615007885355813,9524069
1,500,1615007885367214,1006493
1,500,1615007885369441,9544217
1,500,1615007885377134,9626836
1,500,1615007885396156,5639215
1,500,1615007885396439,9328295
1,500,1615007885404993,8514428
1,500,1615007885408991,8938889
1,500,1615007885409313,1040226
1,500,1615007885416691,9266916
1,500,1615007885429560,9902747
1,500,1615007885457576,9107758
1,500,1615007885477259,5582440
1,500,1615007885482151,1053023
1,500,1615007885524657,9674432
1,500,1615007885525050,1095553
1,500,1615007885525678,9677479
1,500,1615007885527692,9678467
1,500,1615007885537135,9465017
1,500,1615007885539718,1078586
1,500,1615007885550882,8538981
1,500,1615007885554434,5547001
1,500,1615007885603469,10008379
1,500,1615007885607536,1071890
1,500,1615007885614113,5588283
1,500,1615007885619431,8882850
1,500,1615007885653165,9479981
1,500,1615007885682114,9569204
1,500,1615007885682471,9912782
1,500,1615007885698699,9795203
1,500,1615007885710198,8630986
1,500,1615007885720946,5609143
1,500,1615007885799078,9376435
1,500,1615007885820749,9942478
1,500,1615007885822028,9944812
1,500,1615007885827137,5692479
1,500,1615007885873601,9695053
1,500,1615007885887056,9118972
1,500,1615007885888174,5658580
1,500,1615007885892409,10016520
1,500,1615007885913330,8823078
1,500,1615007885936917,9622096
1,500,1615007885938322,10239147
1,500,1615007885966558,1398663
1,500,1615007885981579,5720711
1,500,1615007885986902,10081719
1,500,1615007885995127,1377650
1,500,1615007885997338,9573604
1,500,1615007886007202,10084847
1,500,1615007886016153,1383354
1,500,1615007886024071,9828797
1,500,1615007886081945,8882408
1,500,1615007886110527,9793026
1,500,1615007886114863,5766610
1,500,1615007886122350,10199677
1,500,1615007886163589,9325977
1,500,1615007886227136,10290101
1,500,1615007886273990,10369536
1,500,1615007886282858,1511427
1,500,1615007886283214,5875246
1,500,1615007886302663,9741176
1,500,1615007886312998,10599728
1,500,1615007886313410,8816060
1,500,1615007886334091,9456267
1,500,1615007886334885,1511065
1,500,1615007886342466,5774636
1,500,1615007886367625,9974558
1,500,1615007886373277,9925025
1,500,1615007886374208,10416783
1,500,1615007886402247,10454423
1,500,1615007886416040,10440631
1,500,1615007886434023,10489223
1,500,1615007886444528,5817756
1,500,1615007886450896,1607907
1,500,1615007886451925,9860030
1,500,1615007886452325,8858540
1,500,1615007886480938,1557460
1,500,1615007886488785,9598561
1,500,1615007886491154,10021305
1,500,1615007886491761,5783268
1,500,1615007886520663,10071884
1,500,1615007886526872,10552248
1,500,1615007886528935,10572240
1,500,1615007886559399,10821516
1,500,1615007886577496,5607317
1,500,1615007886591245,1626868
1,500,1615007886625541,9899279
1,500,1615007886626240,10670600
1,500,1615007886631119,8961821
1,500,1615007886633152,5649540
1,500,1615007886645620,10062784
1,500,1615007886651358,10681416
1,500,1615007886664389,9742048
1,500,1615007886667408,1674455
1,500,1615007886734497,10713395
1,500,1615007886735226,9876823
1,500,1615007886737417,5657626
1,500,1615007886761868,9052526
1,500,1615007886770558,10247726
1,500,1615007886775989,10748880
1,500,1615007886794060,10180056
1,500,1615007886840822,10768425
1,500,1615007886842184,9936763
1,500,1615007886868862,10228642
1,500,1615007886869126,9038746
1,500,1615007886893314,10710964
1,500,1615007886893544,9959588
1,500,1615007886903325,1878204
1,500,1615007886903508,10205027
1,500,1615007886903622,8936941
1,500,1615007886918689,10934876
1,500,1615007886932941,1862974
1,500,1615007886933942,10707374
1,500,1615007886939436,9924663
1,500,1615007886948354,10236692
1,500,1615007886948484,8832856
1,500,1615007886969307,11180746
1,500,1615007886976314,10745638
1,500,1615007886976967,10260878
1,500,1615007886987643,9941096
1,500,1615007887001425,1925201
1,500,1615007887013929,5933898
1,500,1615007887019336,8846321
1,500,1615007887041459,11033021
1,500,1615007887050338,10818440
1,500,1615007887053646,10295369
1,500,1615007887070034,9904867
1,500,1615007887083636,10836945
1,500,1615007887083929,8906098
1,500,1615007887089500,10326110
1,500,1615007887091327,1927798
1,500,1615007887098378,1866763
1,500,1615007887115010,9923055
1,500,1615007887115185,10802370
1,500,1615007887116784,8868364
1,500,1615007887121430,10288995
1,500,1615007887137170,8763360
1,500,1615007887144526,10828917
1,500,1615007887144700,9880597
1,500,1615007887145386,10138567
1,500,1615007887170937,1907035
1,500,1615007887177264,10753917
1,500,1615007887186499,8809992
1,500,1615007887197119,9989098
1,500,1615007887197304,9889650
1,500,1615007887207702,11183190
1,500,1615007887227629,8837915
1,500,1615007887236231,10266309
1,500,1615007887250332,10689735
1,500,1615007887311794,9956327
1,500,1615007887325939,6231928
1,500,1615007887341528,2052520
1,500,1615007887345402,2017166
1,500,1615007887377314,2034341
1,500,1615007887404309,2016584
1,500,1615007887413338,10851337
1,500,1615007887414397,10190074
1,500,1615007887487365,11404262
1,500,1615007887493766,6220990
1,500,1615007887535374,6137705
1,500,1615007887548057,11735202
1,500,1615007887557309,9144559
1,500,1615007887560405,10907137
1,500,1615007887560505,10224069
1,500,1615007887594820,11559604
1,500,1615007887614092,2154524
1,500,1615007887620905,6176545
1,500,1615007887627615,10621296
1,500,1615007887657964,2162300
1,500,1615007887682694,10166095
1,500,1615007887694683,2180870
1,500,1615007887714442,2142257
1,500,1615007887715570,6206879
1,500,1615007887725825,9074988
1,500,1615007887725926,11137639
1,500,1615007887728528,10375493
1,500,1615007887732330,11649482
1,500,1615007887744627,11028215
1,500,1615007887744731,1810406
1,500,1615007887768483,6232593
1,500,1615007887774091,8972914
1,500,1615007887780461,10226503
1,500,1615007887804958,1861398
1,500,1615007887818518,10254100
1,500,1615007887818622,8924108
1,500,1615007887843430,10735325
1,500,1615007887858237,11746418
1,500,1615007887863166,10211560
1,500,1615007887863380,1871877
1,500,1615007887867168,8929646
1,500,1615007887911359,10257446
1,500,1615007887912423,8938848
1,500,1615007887926403,11773284
1,500,1615007887963166,6395314
1,500,1615007887973542,1788919
1,500,1615007887977447,10610570
1,500,1615007887988007,6364299
1,500,1615007888000353,12167391
1,500,1615007888008589,10288003
1,500,1615007888009578,11251412
1,500,1615007888016860,11419085
1,500,1615007888030441,1825416
1,500,1615007888060879,9078504
1,500,1615007888066657,10661700
1,500,1615007888077074,11885908
1,500,1615007888101544,6467532
1,500,1615007888108280,1781767
1,500,1615007888109002,11969697
1,500,1615007888127632,10729436
1,500,1615007888157025,11386423
1,500,1615007888157917,11832557
1,500,1615007888177512,1818042
1,500,1615007888231516,11600588
1,500,1615007888233405,12356602
1,500,1615007888258936,10808842
1,500,1615007888271307,12079833
1,500,1615007888280726,10874144
1,500,1615007888284799,11920605
1,500,1615007888294734,1892493
1,500,1615007888297977,6638932
1,500,1615007888312278,11487464
1,500,1615007888313072,12114905
1,500,1615007888332828,10417534
1,500,1615007888342538,11634389
1,500,1615007888400308,10747991
1,500,1615007888403775,12421848
1,500,1615007888404240,9358149
1,500,1615007888404532,12197802
1,500,1615007888405190,11550682
1,500,1615007888432283,12043538
1,500,1615007888482067,11052561
1,500,1615007888503466,12484232
1,500,1615007888535085,11553039
1,500,1615007888536340,12311954
1,500,1615007888536766,11828171
1,500,1615007888540845,10886461
1,500,1615007888554549,10679359
1,500,1615007888567517,12254043
1,500,1615007888572147,11074403
1,500,1615007888602750,12008644
1,500,1615007888619268,11596889
1,500,1615007888619781,11800197
1,500,1615007888620173,11073899
1,500,1615007888620675,12375410
1,500,1615007888621518,10672804
1,500,1615007888639644,6957795
1,500,1615007888640224,12235373
1,500,1615007888659689,11633325
1,500,1615007888661191,12631467
1,500,1615007888687154,12012528
1,500,1615007888687598,10692740
1,500,1615007888690987,11791919
1,500,1615007888694873,11140432
1,500,1615007888695342,12429430
1,500,1615007888697268,11627087
1,500,1615007888776536,11969323
1,500,1615007888777193,11963833
1,500,1615007888779631,10697486
1,500,1615007888780740,12725656
1,500,1615007888781279,12376017
1,500,1615007888781521,12230425
1,500,1615007888798915,12238122
1,500,1615007888800070,11878142
1,500,1615007888801392,11869488
1,500,1615007888803942,11584946
1,500,1615007888812729,11891192
1,500,1615007888839043,12229695
1,500,1615007888844939,11811863
1,500,1615007888845084,11808606
1,500,1615007888859886,11403362
1,500,1615007888864871,12239080
1,500,1615007888864987,12176495
1,500,1615007888879161,12126420
1,500,1615007888882814,9676747
1,500,1615007888891600,11662033
1,500,1615007888899321,11588552
1,500,1615007888902686,11562068
1,500,1615007888905497,11530441
1,500,1615007888907644,11499254
1,500,1615007888911047,11497278
1,500,1615007888913454,12643856
1,500,1615007888913594,11284772
1,500,1615007888914931,11238258
1,500,1615007888915049,11075285
1,500,1615007888915143,10969095
1,500,1615007888918262,10963666
1,500,1615007888929303,12146363
1,500,1615007888938354,12134875
1,500,1615007888938565,11956113
1,500,1615007888938717,11840858
1,500,1615007888942877,11787867
1,500,1615007888975814,11546775
1,500,1615007888978303,11462263
1,500,1615007888978410,11427282
1,500,1615007888979156,11415588
1,500,1615007888980754,10959438
1,500,1615007888990498,10825746
1,500,1615007888991855,11732530
1,500,1615007888992274,12902133
1,500,1615007888992933,11711890
1,500,1615007888994369,2406395
1,500,1615007889017809,7119378
1,500,1615007889018090,6997122
1,500,1615007889039672,6985594
1,500,1615007889042510,10884986
1,500,1615007889051963,11735606
1,500,1615007889075072,11699521
1,500,1615007889084669,11478029
1,500,1615007889091367,12716002
1,500,1615007889092274,7016433
1,500,1615007889102936,6916501
1,500,1615007889110299,10775989
1,500,1615007889110616,10757234
1,500,1615007889117987,11784508
1,500,1615007889124335,11557731
1,500,1615007889126543,11164770
1,500,1615007889156925,2286931
1,500,1615007889170143,13054756
1,500,1615007889230285,7028742
1,500,1615007889328363,11153750
1,500,1615007889329572,11735381
1,500,1615007889340680,10079998
1,500,1615007889340995,10074812
1,500,1615007889341400,11709345
1,500,1615007889342339,11376598
1,500,1615007889363331,10949245
1,500,1615007889363665,10922941
1,500,1615007889368961,11893810
1,500,1615007889369150,11746511
1,500,1615007889370080,11929412
1,500,1615007889382045,11352270
1,500,1615007889436107,2542028
1,500,1615007889436695,10045767
1,500,1615007889458637,7099096
1,500,1615007889479550,10946704
1,500,1615007889482230,11849532
1,500,1615007889484123,2562415
1,500,1615007889519591,11447596
1,500,1615007889561015,13009642
1,500,1615007889562006,7146278
1,500,1615007889593251,2585484
1,500,1615007889624685,11008637
1,500,1615007889625346,11971842
1,500,1615007889626646,12169159
1,500,1615007889651791,12020062
1,500,1615007889663521,11903882
1,500,1615007889668874,11491447
1,500,1615007889687210,13532457
1,500,1615007889688930,2665789
1,500,1615007889712596,7267086
1,500,1615007889760986,12090663
1,500,1615007889765226,10359528
1,500,1615007889797896,2713600
1,500,1615007889812470,13251398
1,500,1615007889812833,11704961
1,500,1615007889855447,7406127
1,500,1615007889855914,11182894
1,500,1615007889875055,2579627
1,500,1615007889878041,12224993
1,500,1615007889904077,2608359
1,500,1615007889936473,12230694
1,500,1615007889948632,7435310
1,500,1615007889964242,13716182
1,500,1615007889992906,10578422
1,500,1615007889994634,11865422
1,500,1615007890015242,11281426
1,500,1615007890044316,2712458
1,500,1615007890044721,7529753
1,500,1615007890048357,7517083
1,500,1615007890051453,13408494
1,500,1615007890076217,12599987
1,500,1615007890089504,7375597
1,500,1615007890097472,13826585
1,500,1615007890113359,7361512
1,500,1615007890113616,13448516
1,500,1615007890129527,2763053
1,500,1615007890143553,12396314
1,500,1615007890143786,7341868
1,500,1615007890144337,12290151
1,500,1615007890153681,11809722
1,500,1615007890190183,7249457
1,500,1615007890215303,13902841
1,500,1615007890270893,2736758
1,500,1615007890274953,13551069
1,500,1615007890356925,7379991
1,500,1615007890390298,14054320
1,500,1615007890391841,13585001
1,500,1615007890419511,12271270
1,500,1615007890434982,10846752
1,500,1615007890435042,2819578
1,500,1615007890449328,14069714
1,500,1615007890474492,13639962
1,500,1615007890511364,12841735
1,500,1615007890633457,2961988
1,500,1615007890642382,11887226
1,500,1615007890656549,13139239
1,500,1615007890672024,12757074
1,500,1615007890681509,12332757
1,500,1615007890693596,14310940
1,500,1615007890699966,3026533
1,500,1615007890712037,13844439
1,500,1615007890728320,7684825
1,500,1615007890729181,12948454
1,500,1615007890733525,13056473
1,500,1615007890786497,3108666
1,500,1615007890805367,12573209
1,500,1615007890805553,11211932
1,500,1615007890829352,3126132
1,500,1615007890900684,12145073
1,500,1615007890903980,7843564
1,500,1615007890907422,3202330
1,500,1615007890914653,7756616
1,500,1615007890924667,13235695
1,500,1615007890924796,3066574
1,500,1615007890925175,14475818
1,500,1615007890926360,13293007
1,500,1615007890943074,13095236
1,500,1615007890946371,7754214
1,500,1615007890958151,12991749
1,500,1615007890958580,13976911
1,500,1615007890963051,3081202
1,500,1615007890990434,7790000
1,500,1615007891039971,7671726
1,500,1615007891068164,3159929
1,500,1615007891069099,12705441
1,500,1615007891098386,11393808
1,500,1615007891098931,12768378
1,500,1615007891125415,12251050
1,500,1615007891160627,7701308
1,500,1615007891164152,7693443
1,500,1615007891164259,12709735
1,500,1615007891164861,11454202
1,500,1615007891176775,13301758
1,500,1615007891190302,7629089
1,500,1615007891219220,12639921
1,500,1615007891283389,7719871
1,500,1615007891283733,3241037
1,500,1615007891289393,3124142
1,500,1615007891289482,13385126
1,500,1615007891329265,11570787
1,500,1615007891336113,13423732
1,500,1615007891336407,7525813
1,500,1615007891340964,12458722
1,500,1615007891352015,7321719
1,500,1615007891354234,12649137
1,500,1615007891354546,13425598
1,500,1615007891354808,2851382
1,500,1615007891355064,12465204
1,500,1615007891355138,13611195
1,500,1615007891370126,13377837
1,500,1615007891410904,14942767
1,500,1615007891439486,2898650
1,500,1615007891454805,11623128
1,500,1615007891470760,12992560
1,500,1615007891477473,7384890
1,500,1615007891501208,14478433
1,500,1615007891513530,13638032
1,500,1615007891532372,2959541
1,500,1615007891550717,12628468
1,500,1615007891562382,7398841
1,500,1615007891562493,12818680
1,500,1615007891569230,2966895
1,500,1615007891577367,13504555
1,500,1615007891621458,2957485
1,500,1615007891621648,2809939
1,500,1615007891621950,7430179
1,500,1615007891622047,11673413
1,500,1615007891629615,13885179
1,500,1615007891647417,15125022
1,500,1615007891654580,13712281
1,500,1615007891670341,13172823
1,500,1615007891674230,7389152
1,500,1615007891680314,14650539
1,500,1615007891688048,12755911
1,500,1615007891694513,13801644
1,500,1615007891694747,2850593
1,500,1615007891721232,13316632
1,500,1615007891725711,12774771
1,500,1615007891749904,13713747
1,500,1615007891751021,7426154
1,500,1615007891756555,11673778
1,500,1615007891772508,2889768
1,500,1615007891797813,15244978
1,500,1615007891798346,14714595
1,500,1615007891802281,13232215
1,500,1615007891802933,14036044
1,500,1615007891806208,7449870
1,500,1615007891806761,12730654
1,500,1615007891813366,12859051
1,500,1615007891817944,2867770
1,500,1615007891835254,13932598
1,500,1615007891835662,13753841
1,500,1615007891850611,2855792
1,500,1615007891876059,11777762
1,500,1615007891882017,7478442
1,500,1615007891917883,2833741
1,500,1615007891919823,12635256
1,500,1615007891919998,14007941
1,500,1615007891940483,13912773
1,500,1615007891959135,13927831
1,500,1615007891977307,2851994
1,500,1615007892008397,13598965
1,500,1615007892015387,13914568
1,500,1615007892015558,13358105
1,500,1615007892015626,14165131
1,500,1615007892020674,13029046
1,500,1615007892038936,7613359
1,500,1615007892046990,2878692
1,500,1615007892066065,13912250
1,500,1615007892066239,12745771
1,500,1615007892075459,7473832
1,500,1615007892089171,11973386
1,500,1615007892101580,13650922
1,500,1615007892120728,7483392
1,500,1615007892164035,14289500
1,500,1615007892164094,13149244
1,500,1615007892179849,2985756
1,500,1615007892180053,12842962
1,500,1615007892180145,14007347
1,500,1615007892180376,7436728
1,500,1615007892180461,13476608
1,500,1615007892197625,15595746
1,500,1615007892201829,13441776
1,500,1615007892201942,13719256
1,500,1615007892216077,7459522
1,500,1615007892218806,11948981
1,500,1615007892233517,12892843
1,500,1615007892244068,7483029
1,500,1615007892244159,14262039
1,500,1615007892287557,13233021
1,500,1615007892288595,13900555
1,500,1615007892288989,7524128
1,500,1615007892315519,3056782
1,500,1615007892315857,13546154
1,500,1615007892315926,13689776
1,500,1615007892316100,11966868
1,500,1615007892340223,14270776
1,500,1615007892346222,12848400
1,500,1615007892347270,13262645
1,500,1615007892348904,13241480
1,500,1615007892349091,7572309
1,500,1615007892349703,11954843
1,500,1615007892366973,11797510
1,500,1615007892373993,15284153
1,500,1615007892384142,13908395
1,500,1615007892389222,3048556
1,500,1615007892400203,3019882
1,500,1615007892416397,2979712
1,500,1615007892426592,14232650
1,500,1615007892436233,2944036
1,500,1615007892442135,2881869
1,500,1615007892453620,2859771
1,500,1615007892467359,13305346
1,500,1615007892477102,2813911
1,500,1615007892493949,2782772
1,500,1615007892501690,7520427
1,500,1615007892522824,2792988
1,500,1615007892528066,11914315
1,500,1615007892547257,13124818
1,500,1615007892592992,2827775
1,500,1615007892593127,15945174
1,500,1615007892601227,11928426
1,500,1615007892625678,14489741
1,500,1615007892637553,13214032
1,500,1615007892678501,2867356
1,500,1615007892679873,7533391
1,500,1615007892679953,13087933
1,500,1615007892706062,14171296
1,500,1615007892714886,7485732
1,500,1615007892790787,12073782
1,500,1615007892811511,13215361
1,500,1615007892811662,2985455
1,500,1615007892811807,15636699
1,500,1615007892824173,14180681
1,500,1615007892847867,14696935
1,500,1615007892847964,14177183
1,500,1615007892858369,16206680
1,500,1615007892886965,3011388
1,500,1615007892896492,13200565
1,500,1615007892949051,7685698
1,500,1615007892983877,13508532
1,500,1615007892983933,3078507
1,500,1615007893016836,14218201
1,500,1615007893016923,14762030
1,500,1615007893075606,14267742
1,500,1615007893101019,12294132
1,500,1615007893110063,15921842
1,500,1615007893120949,7834323
1,500,1615007893122236,3174525
1,500,1615007893148203,13610520
1,500,1615007893148408,13341447
1,500,1615007893197081,3231285
1,500,1615007893197255,16379550
1,500,1615007893203206,14463661
1,500,1615007893203322,15024928
1,500,1615007893218776,7916213
1,500,1615007893224647,12415256
1,500,1615007893235323,3240700
1,500,1615007893271514,14999446
1,500,1615007893271649,14397491
1,500,1615007893274499,3248713
1,500,1615007893274885,14469948
1,500,1615007893295311,7974181
1,500,1615007893301686,3256978
1,500,1615007893306555,13742223
1,500,1615007893318037,13476684
1,500,1615007893318515,14402129
1,500,1615007893325757,15109582
1,500,1615007893339923,14572669
1,500,1615007893346480,16145477
1,500,1615007893349155,12517248
1,500,1615007893360617,14423471
1,500,1615007893360717,13486083
1,500,1615007893377950,13745409
1,500,1615007893379446,8001477
1,500,1615007893387114,16554970
1,500,1615007893389540,7856503
1,500,1615007893395785,3343947
1,500,1615007893427653,3365373
1,500,1615007893433846,14569976
1,500,1615007893434025,15103632
1,500,1615007893469371,7800202
1,500,1615007893493910,15277329
1,500,1615007893509308,14732911
1,500,1615007893510208,15138824
1,500,1615007893524549,14477847
1,500,1615007893534489,7824009
1,500,1615007893541124,16652880
1,500,1615007893565226,16359771
1,500,1615007893572291,14525896
1,500,1615007893572408,14674427
1,500,1615007893572438,13666220
1,500,1615007893574066,15180899
1,500,1615007893590457,14456288
1,500,1615007893592994,16703156
1,500,1615007893601156,3524948
1,500,1615007893606144,16378916
1,500,1615007893630929,14476230
1,500,1615007893631000,15123930
1,500,1615007893635019,14629309
1,500,1615007893640619,16712818
1,500,1615007893664514,16423183
1,500,1615007893669255,14484510
1,500,1615007893669542,16501858
1,500,1615007893669578,14530392
1,500,1615007893669693,15139756
1,500,1615007893687269,14495878
1,500,1615007893687401,16246411
1,500,1615007893700232,14545830
1,500,1615007893700512,15129920
1,500,1615007893732265,15484284
1,500,1615007893752411,12870021
1,500,1615007893773209,7954172
1,500,1615007893775924,16476235
1,500,1615007893803097,3707822
1,500,1615007893815152,14172991
1,500,1615007893846494,14601435
1,500,1615007893865153,14709558
1,500,1615007893879468,14795183
1,500,1615007893884321,15203007
1,500,1615007893886253,3774805
1,500,1615007893896595,7934772
1,500,1615007893930450,13989326
1,500,1615007893955384,3665581
1,500,1615007893961196,15679176
1,500,1615007893988617,13077251
1,500,1615007894011058,16554001
1,500,1615007894015242,3686882
1,500,1615007894025999,7932656
1,500,1615007894073999,3717546
1,500,1615007894077838,14433175
1,500,1615007894092426,14989721
1,500,1615007894095621,15413935
1,500,1615007894099187,7932034
1,500,1615007894112780,14940306
1,500,1615007894115670,14805215
1,500,1615007894123015,16796505
1,500,1615007894137720,3621446
1,500,1615007894144683,14106423
1,500,1615007894204021,3641482
1,500,1615007894210369,13225328
1,500,1615007894210584,15507094
1,500,1615007894222748,15920202
1,500,1615007894238411,14860726
1,500,1615007894254430,3645688
1,500,1615007894257157,15080190
1,500,1615007894261342,8091295
1,500,1615007894287832,3522976
1,500,1615007894327009,15223414
1,500,1615007894327266,14574849
1,500,1615007894327356,16812025
1,500,1615007894358083,14277789
1,500,1615007894363213,8184820
1,500,1615007894371885,16998450
1,500,1615007894386247,8153948
1,500,1615007894394135,3376882
1,500,1615007894426285,3299811
1,500,1615007894426408,13410170
1,500,1615007894454056,8038429
1,500,1615007894465712,16096591
1,500,1615007894469868,14716437
1,500,1615007894478985,3335451
1,500,1615007894485979,13462935
1,500,1615007894496128,14695228
1,500,1615007894506863,13375746
1,500,1615007894513492,14686142
1,500,1615007894524506,13371493
1,500,1615007894526487,14990231
1,500,1615007894538009,14649965
1,500,1615007894542743,13351700
1,500,1615007894552014,14590620
1,500,1615007894567798,13330736
1,500,1615007894590086,14599621
1,500,1615007894594530,13269738
1,500,1615007894623168,14631068
1,500,1615007894624230,15418866
1,500,1615007894625059,13269440
1,500,1615007894625644,15651807
1,500,1615007894634887,14604676
1,500,1615007894635075,13259601
1,500,1615007894642335,15523617
1,500,1615007894642451,14569031
1,500,1615007894642688,14494179
1,500,1615007894657406,13224018
1,500,1615007894657716,13179716
1,500,1615007894658400,14583472
1,500,1615007894659214,17049284
1,500,1615007894668986,14412511
1,500,1615007894681012,13152582
1,500,1615007894681204,3520589
1,500,1615007894688959,14292180
1,500,1615007894689695,14244209
1,500,1615007894689811,13105100
1,500,1615007894745117,14144897
1,500,1615007894751737,14144154
1,500,1615007894752122,13959859
1,500,1615007894752270,13910031
1,500,1615007894752512,12941109
1,500,1615007894752732,12828164
1,500,1615007894754230,12803643
1,500,1615007894754361,12781047
1,500,1615007894756250,13859685
1,500,1615007894756283,12755735
1,500,1615007894763345,12745087
1,500,1615007894765897,13836181
1,500,1615007894775897,13728862
1,500,1615007894776130,12743338
1,500,1615007894790997,13721902
1,500,1615007894791120,12757576
1,500,1615007894814373,13683799
1,500,1615007894814437,13636060
1,500,1615007894814564,12741124
1,500,1615007894814642,12678435
1,500,1615007894822955,13635815
1,500,1615007894823129,12684151
1,500,1615007894823502,8407471
1,500,1615007894830749,17416508
1,500,1615007894849185,8332292
1,500,1615007894849316,3681534
1,500,1615007894871220,13661985
1,500,1615007894877299,3699503
1,500,1615007894942132,15387448
1,500,1615007894942238,15787085
1,500,1615007894942306,15667267
1,500,1615007894951531,12788230
1,500,1615007894987330,8005869
1,500,1615007894996942,15834752
1,500,1615007894997163,14812302
1,500,1615007895009577,17551639
1,500,1615007895017583,3722388
1,500,1615007895021904,7935265
1,500,1615007895070460,15906501
1,500,1615007895093863,17461488
1,500,1615007895098854,8009041
1,500,1615007895106552,16687275
1,500,1615007895112393,3631338
1,500,1615007895146677,3583538
1,500,1615007895160866,15669265
1,500,1615007895177625,14919315
1,500,1615007895196841,15273479
1,500,1615007895201170,3630569
1,500,1615007895201393,16027954
1,500,1615007895270299,14045398
1,500,1615007895283475,8144959
1,500,1615007895284311,16078582
1,500,1615007895284765,12994296
1,500,1615007895294130,3616730
1,500,1615007895297555,8106027
1,500,1615007895341177,16902000
1,500,1615007895341422,17688101
1,500,1615007895345590,3634458
1,500,1615007895367320,16155420
1,500,1615007895367518,17892513
1,500,1615007895377744,15029036
1,500,1615007895383433,8141701
1,500,1615007895399896,14167892
1,500,1615007895407887,3557291
1,500,1615007895414066,13046599
1,500,1615007895429513,8051371
1,500,1615007895457891,8061658
1,500,1615007895467216,16183086
1,500,1615007895470221,3597588
1,500,1615007895470346,15098629
1,500,1615007895473761,14230434
1,500,1615007895481168,12960356
1,500,1615007895508600,15978208
1,500,1615007895508879,8109898
1,500,1615007895524960,15093214
1,500,1615007895525114,16215141
1,500,1615007895525212,8109364
1,500,1615007895535298,16956644
1,500,1615007895537723,12999920
1,500,1615007895545099,14290121
1,500,1615007895559637,3591357
1,500,1615007895574998,8112150
1,500,1615007895576521,15595738
1,500,1615007895576632,16319122
1,500,1615007895579024,14310972
1,500,1615007895579173,12946819
1,500,1615007895600741,17990004
1,500,1615007895600966,17930988
1,500,1615007895601376,12625166
1,500,1615007895603303,14326366
1,500,1615007895652396,12591636
1,500,1615007895653472,3497074
1,500,1615007895654432,14361891
1,500,1615007895675828,14360473
1,500,1615007895675892,15213764
1,500,1615007895675962,12540163
1,500,1615007895676535,16336259
1,500,1615007895700625,14356103
1,500,1615007895702722,12482270
1,500,1615007895752761,12396462
1,500,1615007895753116,12351125
1,500,1615007895753268,14405517
1,500,1615007895764164,8240010
1,500,1615007895800826,14433824
1,500,1615007895801109,14402713
1,500,1615007895875507,12466689
1,500,1615007895875800,12383275
1,500,1615007895879093,3718147
1,500,1615007895884075,14379603
1,500,1615007895884625,15402439
1,500,1615007895885124,17294250
1,500,1615007895886674,16540462
1,500,1615007895920603,14359551
1,500,1615007895925171,3758140
1,500,1615007895925613,16274998
1,500,1615007895935218,8393011
1,500,1615007895936152,12393250
1,500,1615007895980944,3758906
1,500,1615007895981838,8436038
1,500,1615007896010214,15867201
1,500,1615007896010717,16752869
1,500,1615007896015979,17406052
1,500,1615007896016781,8434133
1,500,1615007896017234,18196999
1,500,1615007896018069,15523258
1,500,1615007896018709,18254179
1,500,1615007896065463,3811160
1,500,1615007896065828,16677057
1,500,1615007896066374,8397312
1,500,1615007896097707,14531330
1,500,1615007896124963,8441901
1,500,1615007896125189,8411265
1,500,1615007896167553,16364812
1,500,1615007896167680,12602020
1,500,1615007896168669,3818045
1,500,1615007896169434,15692919
1,500,1615007896169862,16883250
1,500,1615007896194522,3766132
1,500,1615007896276639,17645871
1,500,1615007896307459,15596132
1,500,1615007896312425,3810079
1,500,1615007896390243,3887739
1,500,1615007896390909,16998627
1,500,1615007896419645,18615348
1,500,1615007896420071,16573299
1,500,1615007896427623,18538754
1,500,1615007896438009,8687335
1,500,1615007896440400,8584656
1,500,1615007896442896,15677144
1,500,1615007896444580,17799719
1,500,1615007896445767,3938184
1,500,1615007896449047,17031540
1,500,1615007896464452,8562118
1,500,1615007896468010,8467791
1,500,1615007896475112,16874907
1,500,1615007896485928,15974338
1,500,1615007896491148,15681315
1,500,1615007896492170,17189226
1,500,1615007896495440,17604308
1,500,1615007896498551,8434086
1,500,1615007896520638,16884388
1,500,1615007896538495,8459129
1,500,1615007896540879,15627947
1,500,1615007896559458,16716198
1,500,1615007896563404,12841554
1,500,1615007896567291,14955900
1,500,1615007896567524,15642715
1,500,1615007896586533,16713446
1,500,1615007896590210,8430200
1,500,1615007896590290,4080309
1,500,1615007896590415,15597455
1,500,1615007896590521,16544594
1,500,1615007896594952,15571327
1,500,1615007896606898,16558655
1,500,1615007896613161,15553426
1,500,1615007896615889,15492698
1,500,1615007896616325,16546064
1,500,1615007896617462,16434290
1,500,1615007896630210,16443704
1,500,1615007896632965,15451787
1,500,1615007896634483,15404739
1,500,1615007896644057,15409434
1,500,1615007896647185,16450088
1,500,1615007896669647,15432987
1,500,1615007896670431,16370263
1,500,1615007896670558,16355781
1,500,1615007896681300,15423565
1,500,1615007896681668,15386000
1,500,1615007896682006,16310848
1,500,1615007896682790,16311210
1,500,1615007896711536,16308328
1,500,1615007896712000,15314685
1,500,1615007896712811,15266500
1,500,1615007896742078,16296962
1,500,1615007896742293,16290681
1,500,1615007896759126,15258081
1,500,1615007896759290,15210115
1,500,1615007896761578,15212063
1,500,1615007896761970,15166044
1,500,1615007896767093,17632618
1,500,1615007896768058,16137509
1,500,1615007896768434,16057402
1,500,1615007896775498,15990985
1,500,1615007896775619,15127613
1,500,1615007896775651,15006853
1,500,1615007896777775,4262138
1,500,1615007896780591,15933599
1,500,1615007896798183,15926800
1,500,1615007896798386,15807278
1,500,1615007896835961,14995078
1,500,1615007896836339,14990994
1,500,1615007896836539,14955585
1,500,1615007896899728,15883813
1,500,1615007896911620,4388811
1,500,1615007896914869,4339841
1,500,1615007896917452,8748485
1,500,1615007896919173,8749881
1,500,1615007896928454,17065864
1,500,1615007896961396,15314069
1,500,1615007896962307,13239492
1,500,1615007896992652,4398414
1,500,1615007897002966,4195884
1,500,1615007897005931,4163080
1,500,1615007897006453,8735173
1,500,1615007897006769,19159394
1,500,1615007897012508,16488847
1,500,1615007897019420,19016166
1,500,1615007897021126,17709535
1,500,1615007897100264,16083115
1,500,1615007897112760,13312105
1,500,1615007897117137,4185516
1,500,1615007897124168,8843459
1,500,1615007897128170,15463609
1,500,1615007897137318,19025566
1,500,1615007897164674,4196040
1,500,1615007897165225,8851866
1,500,1615007897178954,19296540
1,500,1615007897184032,17124310
1,500,1615007897255954,15359585
1,500,1615007897257288,13442012
1,500,1615007897259198,18068159
1,500,1615007897301220,4243249
1,500,1615007897302935,4153329
1,500,1615007897303294,4079739
1,500,1615007897303640,4020345
1,500,1615007897304076,8872193
1,500,1615007897304610,8683435
1,500,1615007897307804,8685649
1,500,1615007897308303,8646068
1,500,1615007897308558,8496303
1,500,1615007897316184,8471759
1,500,1615007897316300,8273904
1,500,1615007897316342,15456022
1,500,1615007897316690,16760458
1,500,1615007897337055,17999107
1,500,1615007897357593,19465337
1,500,1615007897358237,19245255
1,500,1615007897388032,15439254
1,500,1615007897449182,4116891
1,500,1615007897454263,13552271
1,500,1615007897474503,18208041
1,500,1615007897510970,8401013
1,500,1615007897512086,4059171
1,500,1615007897513324,17452975
1,500,1615007897513985,15643306
1,500,1615007897527758,16897610
1,500,1615007897528073,16404632
1,500,1615007897612966,4132210
1,500,1615007897666626,18212549
1,500,1615007897754923,15721757
1,500,1615007897755466,4269562
1,500,1615007897755715,4265494
1,500,1615007897759089,19707135
1,500,1615007897770043,18333368
1,500,1615007897773482,19591385
1,500,1615007897775459,8632763
1,500,1615007897775951,16645941
1,500,1615007897782521,17094571
1,500,1615007897787731,17705269
1,500,1615007897817190,4287467
1,500,1615007897817430,4124598
1,500,1615007897819352,4046634
1,500,1615007897819570,3917627
1,500,1615007897819689,3867038
1,500,1615007897819876,3654675
1,500,1615007897853655,13689685
1,500,1615007897854084,15889332
1,500,1615007897881648,3702340
1,500,1615007897881958,3690299
1,500,1615007897884937,3654688
1,500,1615007897891092,8563139
1,500,1615007897892121,17021652
1,500,1615007897892748,17533171
1,500,1615007897901414,18419930
1,500,1615007897902473,18389103
1,500,1615007897945439,3638656
1,500,1615007897947292,3589233
1,500,1615007897976647,3580563
1,500,1615007897977018,3538662
1,500,1615007897991126,8627813
1,500,1615007897991494,17035620
1,500,1615007897991620,17631574
1,500,1615007897993829,3504243
1,500,1615007898006319,3506826
1,500,1615007898022130,18502407
1,500,1615007898022585,3510957
1,500,1615007898023696,3474986
1,500,1615007898024807,16956454
1,500,1615007898045592,3477292
1,500,1615007898052310,17632997
1,500,1615007898052571,3461589
1,500,1615007898052777,18304338
1,500,1615007898071187,16886605
1,500,1615007898099615,3312907
1,500,1615007898101175,3300016
1,500,1615007898101385,16067517
1,500,1615007898101474,17616315
1,500,1615007898137505,3183644
1,500,1615007898138247,3079918
1,500,1615007898138343,3044132
1,500,1615007898138483,3018528
1,500,1615007898138625,18228896
1,500,1615007898152777,2988118
1,500,1615007898152877,2858172
1,500,1615007898153649,2835127
1,500,1615007898153791,18607825
1,500,1615007898153946,2819608
1,500,1615007898169075,2796605
1,500,1615007898169539,2748318
1,500,1615007898227939,2781795
1,500,1615007898228562,2746860
1,500,1615007898228811,2715303
1,500,1615007898228951,2692070
1,500,1615007898229027,2606053
1,500,1615007898229100,2345663
1,500,1615007898235479,17055610
1,500,1615007898259565,8876734
1,500,1615007898277239,19993793
1,500,1615007898304854,2418225
1,500,1615007898337920,17020779
1,500,1615007898376838,2451307
1,500,1615007898377135,20191660
1,500,1615007898398483,14206393
1,500,1615007898407419,16390221
1,500,1615007898407590,18325326
1,500,1615007898437422,2498778
1,500,1615007898437708,8958298
1,500,1615007898470907,17975647
1,500,1615007898496804,2515408
1,500,1615007898497402,8976981
1,500,1615007898552101,20268104
1,500,1615007898552267,16514710
1,500,1615007898552431,17342764
1,500,1615007898552562,2536157
1,500,1615007898552754,17063115
1,500,1615007898552906,19004982
1,500,1615007898553081,20366707
1,500,1615007898587739,2521927
1,500,1615007898588846,9026472
1,500,1615007898589225,16362488
1,500,1615007898609382,14372465
1,500,1615007898623861,8999187
1,500,1615007898624134,18369527
1,500,1615007898624204,2499679
1,500,1615007898661951,8993707
1,500,1615007898718981,16653310
1,500,1615007898722216,8994313
1,500,1615007898745532,2576114
1,500,1615007898746563,8985997
1,500,1615007898772738,17505971
1,500,1615007898773675,9007047
1,500,1615007898775269,8951631
1,500,1615007898812616,8956710
1,500,1615007898858131,8981323
1,500,1615007898893845,2686465
1,500,1615007898941637,18337037
1,500,1615007898986662,2775964
1,500,1615007898986786,20664635
1,500,1615007899035755,16808429
1,500,1615007899038922,19479388
1,500,1615007899041872,14758713
1,500,1615007899042313,9106323
1,500,1615007899056317,17764265
1,500,1615007899056462,16841120
1,500,1615007899093644,2804473
1,500,1615007899128925,20935895
1,500,1615007899129080,2785302
1,500,1615007899129925,9166535
1,500,1615007899139119,17625875
1,500,1615007899168119,16929692
1,500,1615007899217899,19581326
1,500,1615007899218350,9251821
1,500,1615007899218565,18831023
1,500,1615007899241194,17938891
1,500,1615007899241633,18634417
1,500,1615007899266933,2876036
1,500,1615007899268378,2819343
1,500,1615007899268658,17032695
1,500,1615007899281580,2668440
1,500,1615007899281721,2665499
1,500,1615007899282148,2623680
1,500,1615007899288279,2509582
1,500,1615007899288732,9273505
1,500,1615007899288984,19630868
1,500,1615007899302323,2506524
1,500,1615007899302455,17032440
1,500,1615007899322434,2487278
1,500,1615007899322602,2405161
1,500,1615007899322862,2363109
1,500,1615007899344412,15036691
1,500,1615007899356888,2350445
1,500,1615007899373311,17847826
1,500,1615007899402148,21043757
1,500,1615007899427076,2302917
1,500,1615007899475100,9448658
1,500,1615007899504432,2339215
1,500,1615007899514269,19083468
1,500,1615007899520059,18906730
1,500,1615007899535432,18067326
1,500,1615007899535903,21323170
1,500,1615007899578245,19137134
1,500,1615007899578666,17944437
1,500,1615007899624140,18955659
1,500,1615007899627212,17385398
1,500,1615007899631492,17275408
1,500,1615007899631901,19960495
1,500,1615007899631992,19900933
1,500,1615007899632466,2403188
1,500,1615007899636173,17922905
1,500,1615007899663477,18912211
1,500,1615007899673887,9597895
1,500,1615007899673983,19203165
1,500,1615007899721204,2417142
1,500,1615007899751288,2413342
1,500,1615007899785005,17977974
1,500,1615007899785686,17269387
1,500,1615007899787065,20003419
1,500,1615007899787264,2417739
1,500,1615007899787409,2370923
1,500,1615007899787504,9588372
1,500,1615007899787537,15405188
1,500,1615007899797330,19279692
1,500,1615007899803216,2205716
1,500,1615007899825123,18975434
1,500,1615007899825867,18264440
1,500,1615007899827308,19997428
1,500,1615007899834034,17910190
1,500,1615007899865158,2260092
1,500,1615007899885020,19307356
1,500,1615007899904832,2204842
1,500,1615007899905160,2146086
1,500,1615007899906049,18993757
1,500,1615007899915226,20035918
1,500,1615007899925529,9696008
1,500,1615007899949018,17999186
1,500,1615007899958908,21557773
1,500,1615007899966165,21658035
1,500,1615007900027856,9629776
1,500,1615007900050231,17763034
1,500,1615007900050321,19309834
1,500,1615007900073070,20157071
1,500,1615007900095308,15712652
1,500,1615007900097299,17492442
1,500,1615007900131697,19207211
1,500,1615007900182714,2362591
1,500,1615007900251844,18561043
1,500,1615007900252198,9730007
1,500,1615007900309467,2423843
1,500,1615007900310490,2389920
1,500,1615007900310587,2358233
1,500,1615007900314402,2326718
1,500,1615007900314695,2320513
1,500,1615007900315074,2314566
1,500,1615007900315358,2268350
1,500,1615007900315502,18319911
1,500,1615007900315612,2260645
1,500,1615007900331277,2070257
1,500,1615007900333514,2059238
1,500,1615007900347446,9821323
1,500,1615007900347595,2059972
1,500,1615007900353003,2043050
1,500,1615007900353261,2024364
1,500,1615007900353373,1945462
1,500,1615007900353519,1941855
1,500,1615007900361294,1905009
1,500,1615007900361576,1883015
1,500,1615007900365407,21956273
1,500,1615007900368047,1884923
1,500,1615007900373669,1861500
1,500,1615007900379027,1822227
1,500,1615007900379787,19629856
1,500,1615007900381157,1726815
1,500,1615007900391592,18009579
1,500,1615007900397610,20377113
1,500,1615007900422569,17647587
1,500,1615007900455351,1719121
1,500,1615007900455578,22106238
1,500,1615007900455843,9795070
1,500,1615007900456233,19512078
1,500,1615007900494247,9824746
1,500,1615007900494680,9746585
1,500,1615007900567126,17790430
1,500,1615007900567517,17790380
1,500,1615007900570923,17783556
1,500,1615007900575863,18842224
1,500,1615007900576132,18786252
1,500,1615007900576215,18752002
1,500,1615007900577890,9793650
1,500,1615007900578173,9717891
1,500,1615007900578273,9704376
1,500,1615007900594511,16148781
1,500,1615007900609885,1868468
1,500,1615007900627505,9669366
1,500,1615007900637736,9673060
1,500,1615007900638432,9671950
1,500,1615007900638680,9632819
1,500,1615007900648421,17824321
1,500,1615007900648718,17809095
1,500,1615007900656308,18624248
1,500,1615007900656637,18484186
1,500,1615007900658979,18428145
1,500,1615007900661259,9620916
1,500,1615007900704835,17846399
1,500,1615007900771324,9700616
1,500,1615007900771874,9603751
1,500,1615007900772172,9593913
1,500,1615007900772502,9581911
1,500,1615007900790668,9586898
1,500,1615007900790821,9507869
1,500,1615007900791551,17813302
1,500,1615007900791804,17779536
1,500,1615007900802861,17723000
1,500,1615007900803235,18549163
1,500,1615007900803383,18429797
1,500,1615007900803816,18310708
1,500,1615007900803914,18140554
1,500,1615007900827904,9511518
1,500,1615007900828092,9504113
1,500,1615007900828221,9426963
1,500,1615007900833374,9195840
1,500,1615007900844029,18811741
1,500,1615007900857783,17746072
1,500,1615007900858202,18092971
1,500,1615007900875187,20840558
1,500,1615007900881333,20116055
1,500,1615007900881704,18483990
1,500,1615007900882449,2082396
1,500,1615007900899840,9206463
1,500,1615007900900137,9196631
1,500,1615007900906820,9181133
1,500,1615007900907732,17737800
1,500,1615007900907968,17732486
1,500,1615007900908361,18097479
1,500,1615007900939840,2010646
1,500,1615007900941506,16476575
1,500,1615007900941994,17765573
1,500,1615007900942113,17753396
1,500,1615007900969279,17623124
1,500,1615007900969616,18096469
1,500,1615007900970363,18077537
1,500,1615007900981460,17771706
1,500,1615007900981543,17694454
1,500,1615007900981571,17646631
1,500,1615007900982865,20018292
1,500,1615007900999472,22545367
1,500,1615007901036370,2086083
1,500,1615007901036453,2064460
1,500,1615007901044660,22516674
1,500,1615007901056456,9289989
1,500,1615007901060887,17685048
1,500,1615007901061179,17510821
1,500,1615007901062979,17407384
1,500,1615007901072333,17572972
1,500,1615007901072587,17558445
1,500,1615007901088321,2110582
1,500,1615007901096474,9289389
1,500,1615007901108615,17438310
1,500,1615007901114081,17457876
1,500,1615007901122461,18661598
1,500,1615007901125683,18983323
1,500,1615007901126627,1958117
1,500,1615007901136309,16595171
1,500,1615007901145963,21090019
1,500,1615007901152983,22663554
1,500,1615007901173700,1984579
1,500,1615007901173809,1902607
1,500,1615007901173887,1891510
1,500,1615007901176991,9363347
1,500,1615007901228875,1925320
1,500,1615007901229834,1839379
1,500,1615007901231857,1787636
1,500,1615007901233931,1788939
1,500,1615007901253858,9429743
1,500,1615007901268796,20259214
1,500,1615007901277890,18766079
1,500,1615007901282664,20411733
1,500,1615007901290718,17469334
1,500,1615007901291467,1814815
1,500,1615007901295155,1780899
1,500,1615007901297029,22705589
1,500,1615007901298203,9329522
1,500,1615007901315530,21258171
1,500,1615007901324411,19175526
1,500,1615007901327004,17566657
1,500,1615007901339759,9308303
1,500,1615007901359224,17264823
1,500,1615007901367225,17604585
1,500,1615007901367567,1731405
1,500,1615007901374238,9337556
1,500,1615007901377317,21226148
1,500,1615007901377630,20345590
1,500,1615007901405744,16836755
1,500,1615007901414918,20531223
1,500,1615007901437795,21244921
1,500,1615007901438089,19254230
1,500,1615007901462028,18938305
1,500,1615007901494538,22960194
1,500,1615007901530005,1756656
1,500,1615007901548982,17384106
1,500,1615007901560225,20527765
1,500,1615007901575721,16980594
1,500,1615007901576718,20581087
1,500,1615007901602311,1813642
1,500,1615007901612185,9479010
1,500,1615007901619048,19376957
1,500,1615007901628069,18938522
1,500,1615007901671561,23079397
1,500,1615007901682788,17822991
1,500,1615007901722422,9382448
1,500,1615007901740987,21483076
1,500,1615007901750699,1961931
1,500,1615007901773584,9283870
1,500,1615007901782283,17578197
1,500,1615007901792784,23064902
1,500,1615007901795285,17139406
1,500,1615007901800595,20757284
1,500,1615007901823709,23174148
1,500,1615007901825191,20779787
1,500,1615007901842123,17966665
1,500,1615007901859864,2061860
1,500,1615007901879524,9374951
1,500,1615007901879918,9290751
1,500,1615007901880580,19627186
1,500,1615007901888253,17646727
1,500,1615007901908695,21514396
1,500,1615007901912320,19066095
1,500,1615007901929622,23184566
1,500,1615007901936774,2028961
1,500,1615007901971683,17289590
1,500,1615007901974860,1967109
1,500,1615007902029867,18085354
1,500,1615007902029980,9094947
1,500,1615007902032205,17728004
1,500,1615007902064127,23402515
1,500,1615007902110153,2094166
1,500,1615007902136873,20900601
1,500,1615007902169471,19250812
1,500,1615007902211772,9274196
1,500,1615007902222983,21825406
1,500,1615007902229588,2072075
1,500,1615007902246913,21191068
1,500,1615007902265961,2081849
1,500,1615007902267506,19964358
1,500,1615007902267593,23447389
1,500,1615007902274591,17836876
1,500,1615007902276760,18288558
1,500,1615007902299194,2109347
1,500,1615007902321098,23648702
1,500,1615007902325257,2079310
1,500,1615007902337512,9383283
1,500,1615007902338040,18279206
1,500,1615007902346447,2084860
1,500,1615007902351388,17750077
1,500,1615007902367038,2032566
1,500,1615007902407804,18271929
1,500,1615007902411931,17796433
1,500,1615007902426541,2075775
1,500,1615007902476388,17766053
1,500,1615007902522799,9558216
1,500,1615007902652600,2236880
1,500,1615007902824069,22416420
1,500,1615007902868909,21758206
1,500,1615007902869137,21609233
1,500,1615007902903903,9935559
1,500,1615007902907602,19863777
1,500,1615007902921682,18756512
1,500,1615007902921796,2500552
1,500,1615007902923103,18129933
1,500,1615007902973013,22479276
1,500,1615007903024053,22514784
1,500,1615007903049692,22523643
1,500,1615007903101503,2666802
1,500,1615007903155311,24297764
1,500,1615007903194947,10201317
1,500,1615007903242285,20785606
1,500,1615007903257364,18527745
1,500,1615007903269178,24530095
1,500,1615007903302329,2808103
1,500,1615007903367397,19125590
1,500,1615007903375000,18475622
1,500,1615007903420806,10410527
1,500,1615007903459352,24585962
1,500,1615007903466610,20406648
1,500,1615007903492298,2915157
1,500,1615007903533375,22218901
1,500,1615007903533542,22966101
1,500,1615007903623404,22495861
1,500,1615007903658816,10539124
1,500,1615007903683676,3056540
1,500,1615007903772542,19037453
1,500,1615007903944440,19675574
1,500,1615007903944799,10801259
1,500,1615007903983252,25237906
1,500,1615007903984383,19053318
1,500,1615007903984954,3324134
1,500,1615007903996425,23325260
1,500,1615007904033890,21576388
1,500,1615007904136703,21036909
1,500,1615007904202512,3431511
1,500,1615007904232888,11053167
1,500,1615007904394047,22964327
1,500,1615007904408510,3601853
1,500,1615007904420390,25511496
1,500,1615007904555418,19785723
1,500,1615007904565297,20158218
1,500,1615007904565761,23355727
1,500,1615007904569087,19600453
1,500,1615007904581041,11325753
1,500,1615007904591741,3734772
1,500,1615007904773396,3874041
1,500,1615007904827842,24130623
1,500,1615007904865904,21765761
1,500,1615007904869615,22193312
1,500,1615007904916487,11614417
1,500,1615007904975107,26155306
1,500,1615007904977169,11458826
1,500,1615007904986065,4045675
1,500,1615007905056095,11497768
1,500,1615007905146848,11511849
1,500,1615007905151404,11509546
1,500,1615007905161734,20313317
1,500,1615007905209597,11526339
1,500,1615007905234723,20822420
1,500,1615007905272374,4227722
1,500,1615007905272800,11491692
1,500,1615007905299622,23859025
1,500,1615007905300302,26303868
1,500,1615007905301303,11486959
1,500,1615007905321052,20245594
1,500,1615007905335096,4238875
1,500,1615007905343654,10979928
1,500,1615007905345531,24119099
1,500,1615007905394762,11026738
1,500,1615007905423264,11025696
1,500,1615007905442881,11026172
1,500,1615007905466267,4289743
1,500,1615007905474518,11033091
1,500,1615007905525587,22803810
1,500,1615007905538954,24793932
1,500,1615007905550836,11109271
1,500,1615007905566904,22448474
1,500,1615007905621232,4385512
1,500,1615007905658809,20454563
1,500,1615007905659039,26805040
1,500,1615007905697181,24240109
1,500,1615007905697996,24464199
1,500,1615007905704977,11152536
1,500,1615007905705066,20848973
1,500,1615007905724666,21310169
1,500,1615007905758021,4461117
1,500,1615007905856969,11296592
1,500,1615007905868165,25089661
1,500,1615007905872977,4533674
1,500,1615007905954213,26834377
1,500,1615007905972004,23197446
1,500,1615007906004720,4630902
1,500,1615007906010980,20765064
1,500,1615007906022018,21583828
1,500,1615007906022111,22879179
1,500,1615007906040280,11472503
1,500,1615007906116431,4699025
1,500,1615007906204259,27262223
1,500,1615007906207571,24856898
1,500,1615007906248452,4812354
1,500,1615007906324669,11738337
1,500,1615007906325576,24829484
1,500,1615007906340492,21362119
1,500,1615007906353067,4805731
1,500,1615007906375468,11785184
1,500,1615007906378672,25550498
1,500,1615007906444072,21121823
1,500,1615007906444545,21956838
1,500,1615007906455209,23578722
1,500,1615007906457707,27198382
1,500,1615007906462086,4690078
1,500,1615007906488567,11855771
1,500,1615007906541470,25129968
1,500,1615007906541735,4718041
1,500,1615007906546006,24855554
1,500,1615007906554608,23369026
1,500,1615007906597784,11950498
1,500,1615007906664719,4790156
1,500,1615007906865813,12217800
1,500,1615007906930948,21943109
1,500,1615007906950250,5037941
1,500,1615007906950738,24069789
1,500,1615007906963707,27921933
1,500,1615007907087282,22591635
1,500,1615007907096433,26183804
1,500,1615007907097087,21736188
1,500,1615007907111293,5174128
1,500,1615007907315703,27977507
1,500,1615007907334445,12664255
1,500,1615007907336161,24132124
1,500,1615007907366838,5230315
1,500,1615007907369156,22857270
1,500,1615007907420168,25698975
1,500,1615007907427162,25986313
1,500,1615007907462772,22095612
1,500,1615007907474434,26506941
1,500,1615007907623447,12839878
1,500,1615007907647744,22655237
1,500,1615007907650243,5505574
1,500,1615007907650749,5288058
1,500,1615007907836047,26854856
1,500,1615007907869595,13048094
1,500,1615007907899402,28791634
1,500,1615007907901432,5529850
1,500,1615007907947799,23410298
1,500,1615007907957955,24999073
1,500,1615007907964046,22479151
1,500,1615007907973620,5529082
1,500,1615007907993210,24667985
1,500,1615007907995078,26978382
1,500,1615007908008909,26260374
1,500,1615007908024401,5554487
1,500,1615007908261437,26744567
1,500,1615007908269414,28873085
1,500,1615007908270274,13383714
1,500,1615007908270414,13347283
1,500,1615007908270800,23270959
1,500,1615007908286583,5723017
1,500,1615007908292790,5728347
1,500,1615007908293124,24879826
1,500,1615007908293834,23753471
1,500,1615007908296003,25267177
1,500,1615007908298302,29135711
1,500,1615007908340488,22662306
1,500,1615007908352081,13361612
1,500,1615007908361392,27232385
1,500,1615007908539440,5954461
1,500,1615007908573564,13568561
1,500,1615007908575269,23565691
1,500,1615007908576325,5972491
1,500,1615007908576941,27440990
1,500,1615007908584321,27039761
1,500,1615007908642754,24024432
1,500,1615007908662419,29180681
1,500,1615007908683771,13664639
1,500,1615007908691726,27549488
1,500,1615007908771864,23014177
1,500,1615007908805010,26989103
1,500,1615007908827116,27649211
1,500,1615007908827540,27640064
1,500,1615007908859230,6230386
1,500,1615007908862766,25272340
1,500,1615007908871115,27600611
1,500,1615007908965657,27676332
1,500,1615007908983008,27395222
1,500,1615007909073771,6408666
1,500,1615007909152541,13950954
1,500,1615007909245382,30012887
1,500,1615007909275404,27596764
1,500,1615007909276200,24652973
1,500,1615007909277095,27615801
1,500,1615007909278682,26212228
1,500,1615007909283918,6528792
1,500,1615007909286741,6530054
1,500,1615007909286954,6509737
1,500,1615007909287972,23527438
1,500,1615007909289291,14004991
1,500,1615007909294254,24182124
1,500,1615007909295554,27444867
1,500,1615007909297625,27277078
1,500,1615007909338887,13915121
1,500,1615007909342442,25725744
1,500,1615007909362486,29817817
1,500,1615007909385581,6583270
1,500,1615007909436081,26306974
1,500,1615007909470851,24561231
1,500,1615007909515028,23656101
1,500,1615007909560914,6737554
1,500,1615007909561988,14094864
1,500,1615007909607803,24410811
1,500,1615007909608380,27738751
1,500,1615007909635577,27947386
1,500,1615007909641624,30407562
1,500,1615007909668863,6831863
1,500,1615007909719440,27673548
1,500,1615007909767742,27660161
1,500,1615007909772147,30212282
1,500,1615007909790521,26007046
1,500,1615007909860968,27750057
1,500,1615007909861243,27748880
1,500,1615007909980606,14487628
1,500,1615007910006803,27883978
1,500,1615007910006981,27758235
1,500,1615007910013077,26827031
1,500,1615007910013740,7142956
1,500,1615007910049126,27705640
1,500,1615007910049526,27696786
1,500,1615007910203677,27829313
1,500,1615007910211278,27637379
1,500,1615007910212026,25266233
1,500,1615007910214455,24251281
1,500,1615007910245637,27581540
1,500,1615007910278535,14727697
1,500,1615007910298864,7419099
1,500,1615007910379749,14747298
1,500,1615007910392488,25153458
1,500,1615007910437082,28555721
1,500,1615007910506104,31250297
1,500,1615007910663813,28885542
1,500,1615007910666158,7763740
1,500,1615007910678918,7771328
1,500,1615007910681761,14914075
1,500,1615007910685724,26901741
1,500,1615007910686586,27978911
1,500,1615007910707758,25716397
1,500,1615007910709313,31105289
1,500,1615007910724596,24716900
1,500,1615007910785686,14866187
1,500,1615007910806851,7859465
1,500,1615007910863866,27622324
1,500,1615007911065808,15130078
1,500,1615007911066606,25792596
1,500,1615007911088664,31789620
1,500,1615007911092860,31755336
1,500,1615007911121451,31465810
1,500,1615007911136886,8112848
1,500,1615007911152997,8121774
1,500,1615007911154263,8075324
1,500,1615007911157271,15186721
1,500,1615007911188318,29262181
1,500,1615007911190819,26159284
1,500,1615007911224575,29261886
1,500,1615007911227672,31555341
1,500,1615007911230035,25115729
1,500,1615007911249994,28525742
1,500,1615007911297338,15314734
1,500,1615007911298801,27440047
1,500,1615007911401244,28113788
1,500,1615007911411322,8316319
1,500,1615007911484593,15467370
1,500,1615007911537497,8396549
1,500,1615007911538557,15471782
1,500,1615007911556952,26484908
1,500,1615007911573612,25423592
1,500,1615007911574447,26274795
1,500,1615007911635512,15359109
1,500,1615007911677651,32320712
1,500,1615007911747040,8589156
1,500,1615007911748092,15436968
1,500,1615007911748283,15359204
1,500,1615007911749107,29781612
1,500,1615007911766489,29787919
1,500,1615007911785034,15225595
1,500,1615007911810522,32022192
1,500,1615007911840701,15171073
1,500,1615007911844635,27977314
1,500,1615007911863199,29084208
1,500,1615007911898553,15218182
1,500,1615007911930795,15248430
1,500,1615007911981010,8793605
1,500,1615007911981299,8771137
1,500,1615007911998705,28675289
1,500,1615007912059019,8800236
1,500,1615007912059295,8787766
1,500,1615007912110519,30100241
1,500,1615007912141872,8857043
1,500,1615007912143848,15432664
1,500,1615007912157376,26756034
1,500,1615007912166425,30171246
1,500,1615007912167032,32805454
1,500,1615007912207202,27096098
1,500,1615007912241647,29449630
1,500,1615007912273009,26049811
1,500,1615007912273500,8940879
1,500,1615007912296986,28268898
1,500,1615007912368295,32490416
1,500,1615007912388124,8999926
1,500,1615007912395354,15614814
1,500,1615007912497135,29132061
1,500,1615007912528539,29718085
1,500,1615007912538215,27069624
1,500,1615007912590334,33220036
1,500,1615007912625922,9153434
1,500,1615007912651140,15853902
1,500,1615007912752461,30734670
1,500,1615007912753563,28691929
1,500,1615007912754480,27558591
1,500,1615007912787114,30683808
1,500,1615007912788758,9188331
1,500,1615007912831840,26546160
1,500,1615007912836520,15876334
1,500,1615007912869464,32956171
1,500,1615007912944921,9219719
1,500,1615007912989248,9242325
1,500,1615007913039080,33655809
1,500,1615007913043796,9048565
1,500,1615007913043869,9010973
1,500,1615007913074497,9003448
1,500,1615007913104604,33189999
1,500,1615007913180052,9089120
1,500,1615007913180446,9025997
1,500,1615007913180695,9010826
1,500,1615007913219904,27712536
1,500,1615007913257635,29877787
1,500,1615007913281198,16153038
1,500,1615007913288499,30464782
1,500,1615007913305751,9089846
1,500,1615007913319662,9086790
1,500,1615007913322970,9079839
1,500,1615007913326835,9040844
1,500,1615007913330893,9033295
1,500,1615007913331070,8909686
1,500,1615007913357338,8907392
1,500,1615007913367988,33942197
1,500,1615007913442472,29304968
1,500,1615007913495451,31441056
1,500,1615007913497744,31331379
1,500,1615007913531098,9007846
1,500,1615007913531270,8957919
1,500,1615007913531536,16365883
1,500,1615007913538238,28305793
1,500,1615007913552020,27225914
1,500,1615007913700191,9087344
1,500,1615007913795798,30945135
1,500,1615007913811938,30407693
1,500,1615007913820651,28224649
1,500,1615007913839699,33849581
1,500,1615007913853953,9218996
1,500,1615007913886161,16631892
1,500,1615007913983301,31721628
1,500,1615007914003676,31836031
1,500,1615007914005250,9331916
1,500,1615007914005514,9328590
1,500,1615007914006250,29839723
1,500,1615007914119754,9391773
1,500,1615007914130487,28490485
1,500,1615007914135756,28871474
1,500,1615007914137701,27791717
1,500,1615007914208805,30694316
1,500,1615007914287217,31960598
1,500,1615007914291719,34864024
1,500,1615007914292847,32096607
1,500,1615007914294612,9378208
1,500,1615007914313365,9338268
1,500,1615007914313731,9104151
1,500,1615007914329890,16942863
1,500,1615007914330553,30124165
1,500,1615007914345925,34338769
1,500,1615007914372212,9099426
1,500,1615007914404751,31429026
1,500,1615007914500945,30958460
1,500,1615007914572739,9271450
1,500,1615007914574063,17156673
1,500,1615007914577229,35028855
1,500,1615007914594870,28947967
1,500,1615007914596775,31551875
1,500,1615007914640746,9297181
1,500,1615007914795013,28432147
1,500,1615007914814513,29520622
1,500,1615007914838312,9442027
1,500,1615007914936442,30677586
1,500,1615007914936735,29268854
1,500,1615007915196920,32769084
1,500,1615007915322717,17810640
1,500,1615007915323185,32954096
1,500,1615007915442623,10011065
1,500,1615007915442713,9958195
1,500,1615007915681046,30365555
1,500,1615007915681137,31361313
1,500,1615007915681208,35645265
1,500,1615007915681406,29821913
1,500,1615007915681566,32605221
1,500,1615007915708503,10163250
1,500,1615007915708641,10127036
1,500,1615007915708692,10119680
1,500,1615007915708789,10101291
1,500,1615007915708906,18154077
1,500,1615007915708950,17933008
1,500,1615007915842475,10226764
1,500,1615007915843036,32258545
1,500,1615007915843100,29412664
1,500,1615007915843392,36215006
1,500,1615007915894095,10160428
1,500,1615007915894154,18041490
1,500,1615007915894548,33398603
1,500,1615007915894613,33441358
1,500,1615007915944243,32781229
1,500,1615007915993545,10215207
1,500,1615007915993736,10157457
1,500,1615007915995699,10158691
1,500,1615007915996558,10126701
1,500,1615007916072309,30744359
1,500,1615007916072447,10202147
1,500,1615007916239755,31863527
1,500,1615007916240127,29694852
1,500,1615007916241075,30375792
1,500,1615007916241575,32616285
1,500,1615007916595968,18668538
1,500,1615007916598104,18592276
1,500,1615007916598891,10622216
1,500,1615007916599292,10588326
1,500,1615007916599477,10565850
1,500,1615007916599588,36524183
1,500,1615007916601093,34068045
1,500,1615007916602347,32200958
1,500,1615007916602666,32069063
1,500,1615007916604249,32035924
1,500,1615007916604781,32010261
1,500,1615007916604842,30712452
1,500,1615007916605030,30597848
1,500,1615007916605223,30513636
1,500,1615007916605349,30434896
1,500,1615007916605484,34055260
