2,200,1615007871133893,191858
2,200,1615007871151786,187196
2,200,1615007871165560,201403
2,200,1615007871177580,272496
2,200,1615007871178062,252864
2,200,1615007871178175,236914
2,200,1615007871178272,245649
2,200,1615007871190946,208762
2,200,1615007871191254,227510
2,200,1615007871266480,231421
2,200,1615007871294038,294113
2,200,1615007871306947,386396
2,200,1615007871333018,417140
2,200,1615007871333226,180397
2,200,1615007871333652,392617
2,200,1615007871355473,422299
2,200,1615007871362977,375289
2,200,1615007871388297,393560
2,200,1615007871406103,261690
2,200,1615007871406498,353903
2,200,1615007871408319,474889
2,200,1615007871425213,421865
2,200,1615007871426853,410274
2,200,1615007871432287,435190
2,200,1615007871495621,538863
2,200,1615007871538438,523753
2,200,1615007871538716,486402
2,200,1615007871611455,686556
2,200,1615007871619437,571129
2,200,1615007871619527,428603
2,200,1615007871671443,498141
2,200,1615007871671622,629377
2,200,1615007871689085,479000
2,200,1615007871715547,782477
2,200,1615007871715768,641462
2,200,1615007871724663,618535
2,200,1615007871726264,769726
2,200,1615007871731575,520718
2,200,1615007871738243,539936
2,200,1615007871774489,630583
2,200,1615007871787273,459343
2,200,1615007871839557,891737
2,200,1615007871870046,854945
2,200,1615007871874969,605997
2,200,1615007871897139,811104
2,200,1615007871924761,771494
2,200,1615007871939110,934287
2,200,1615007871940547,588700
2,200,1615007872075505,707242
2,200,1615007872109001,1070219
2,200,1615007872109174,1077273
2,200,1615007872113400,1063519
2,200,1615007872113629,833866
2,200,1615007872113883,836043
2,200,1615007872113946,975581
2,200,1615007872114165,769348
2,200,1615007872114277,1123983
2,200,1615007872114421,887647
2,200,1615007872115180,884982
2,200,1615007872157261,1008975
2,200,1615007872248702,999860
2,200,1615007872249220,1199655
2,200,1615007872250947,720425
2,200,1615007872268682,1239811
2,200,1615007872268892,932284
2,200,1615007872269375,983187
2,200,1615007872269972,769818
2,200,1615007872335134,1196293
2,200,1615007872335608,1143938
2,200,1615007872338249,991165
2,200,1615007872338751,1292192
2,200,1615007872365511,1103051
2,200,1615007872371856,1294703
2,200,1615007872379309,844647
2,200,1615007872380009,944462
2,200,1615007872397621,719026
2,200,1615007872410820,1174942
2,200,1615007872423601,1221694
2,200,1615007872423988,1387459
2,200,1615007872444322,1029653
2,200,1615007872444758,1343155
2,200,1615007872455285,841121
2,200,1615007872463986,1169964
2,200,1615007872472283,783216
2,200,1615007872478091,1025418
2,200,1615007872495167,1079956
2,200,1615007872498127,1456178
2,200,1615007872528748,1272964
2,200,1615007872536203,1039974
2,200,1615007872546896,1427827
2,200,1615007872546968,819764
2,200,1615007872567830,1231525
2,200,1615007872586205,829483
2,200,1615007872615704,1555303
2,200,1615007872627782,1133014
2,200,1615007872673942,1156984
2,200,1615007872708809,1395446
2,200,1615007872724493,1530739
2,200,1615007872724660,910063
2,200,1615007872728726,996375
2,200,1615007872743969,1683269
2,200,1615007872748191,1228627
2,200,1615007872952999,1129167
2,200,1615007872953451,1717333
2,200,1615007872954300,1609701
2,200,1615007872979432,1244007
2,200,1615007872979920,1843039
2,200,1615007872980770,1352993
2,200,1615007873065808,1775379
2,200,1615007873111650,1482257
2,200,1615007873226238,1846818
2,200,1615007873252377,1390592
2,200,1615007873311058,1571581
2,200,1615007873313188,2004242
2,200,1615007873313847,2172267
2,500,1615007873314114,2042294
2,500,1615007873316317,1945447
2,500,1615007873316966,2107979
2,500,1615007873566108,2226063
2,500,1615007873751635,2112410
2,500,1615007873847161,2503569
2,500,1615007873850144,2461859
2,500,1615007873857970,2441752
2,500,1615007873870817,2454188
2,500,1615007873875601,2510615
2,500,1615007873886889,2333998
2,500,1615007873889563,2673055
2,500,1615007873899203,2497915
2,500,1615007873912490,2260554
2,500,1615007873926248,2446573
2,500,1615007873926354,2440927
2,500,1615007873931383,2310060
2,500,1615007873936854,2230346
2,500,1615007873943011,2270870
2,500,1615007873943097,2601416
2,500,1615007873943743,2521175
2,500,1615007873949214,2533272
2,500,1615007873949322,2802163
2,500,1615007873959420,2323605
2,500,1615007873981926,2553315
2,500,1615007873988295,2213230
2,500,1615007873995861,2838456
2,500,1615007874008626,2510812
2,500,1615007874008845,2406864
2,500,1615007874019785,2327532
2,500,1615007874019902,2273525
2,500,1615007874023405,2153119
2,500,1615007874049763,2545189
2,500,1615007874056155,2294081
2,500,1615007874065478,2841225
2,500,1615007874068937,2542608
2,500,1615007874081187,2509848
2,500,1615007874088531,2577359
2,500,1615007874108282,2413433
2,500,1615007874111499,2063965
2,500,1615007874118531,2348375
2,500,1615007874120007,2465254
2,500,1615007874127571,2496699
2,500,1615007874140602,2318583
2,500,1615007874145480,2885757
2,500,1615007874216839,2869339
2,500,1615007874216955,2431707
2,500,1615007874278742,2346076
2,500,1615007874351385,2798934
2,500,1615007874353748,2625700
2,500,1615007874353853,2491543
2,500,1615007874354698,2355577
2,500,1615007874361462,2231914
2,500,1615007874362797,2093433
2,500,1615007874367033,2847705
2,500,1615007874377823,2624607
2,500,1615007874378294,2547225
2,500,1615007874387278,3047023
2,500,1615007874387602,2706182
2,500,1615007874388327,2567006
2,500,1615007874390052,2417788
2,500,1615007874390398,2508840
2,500,1615007874390735,1842085
2,500,1615007874405172,2136505
2,500,1615007874430995,2828497
2,500,1615007874435664,2750031
2,500,1615007874435787,3166603
2,500,1615007874447188,1820872
2,500,1615007874454332,2539186
2,500,1615007874486324,1835117
2,500,1615007874500451,3152545
2,500,1615007874766319,3053576
2,500,1615007874767270,2086593
2,500,1615007874769372,3337102
2,500,1615007874780385,2819056
2,500,1615007874782512,3492209
2,500,1615007874794244,2858959
2,500,1615007874809898,2070146
2,500,1615007874816644,2048535
2,500,1615007874818142,1814937
2,500,1615007874819151,1812338
2,500,1615007874820309,1790763
2,500,1615007874820575,1756603
2,500,1615007874820736,1738390
2,500,1615007874820844,1723930
2,500,1615007874821064,1704919
2,500,1615007874822507,1693548
2,500,1615007874823054,1671691
2,500,1615007874825820,1579454
2,500,1615007874827170,1510862
2,500,1615007874827787,1484655
2,500,1615007874827993,1445845
2,500,1615007874828146,1432267
2,500,1615007874828577,3084061
2,500,1615007874831271,2494246
2,500,1615007874831886,2999844
2,500,1615007874832021,2935232
2,500,1615007874837101,2857301
2,500,1615007874845668,2742170
2,500,1615007874845752,2597706
2,500,1615007874845856,2596647
2,500,1615007874848203,2511659
2,500,1615007874849537,3539232
2,500,1615007874853562,3274653
2,500,1615007874855030,3263754
2,500,1615007874856246,3024476
2,500,1615007874857465,1389042
2,500,1615007874857686,1388509
2,500,1615007874857743,1362107
2,500,1615007874882806,3216343
2,500,1615007874892323,2832552
2,500,1615007874903416,2883872
2,500,1615007874903961,1367843
2,500,1615007874917203,1356915
2,500,1615007874917371,1354893
2,500,1615007874923087,1345572
2,500,1615007874925320,2994097
2,500,1615007874968390,3043648
2,500,1615007874979544,2893524
2,500,1615007874979825,2878450
2,500,1615007874985136,1405642
2,500,1615007874992594,1409403
2,500,1615007874992913,1382380
2,500,1615007874993238,1340220
2,500,1615007875005097,1301802
2,500,1615007875010988,1284916
2,500,1615007875011839,1275118
2,500,1615007875011926,1112281
2,500,1615007875014301,3259244
2,500,1615007875022135,3671870
2,500,1615007875027408,3346164
2,500,1615007875027860,2656014
2,500,1615007875029765,2978338
2,500,1615007875056737,2617221
2,500,1615007875082709,2977928
2,500,1615007875082838,2925651
2,500,1615007875089374,1162768
2,500,1615007875090650,3285958
2,500,1615007875113365,3368498
2,500,1615007875117672,1136075
2,500,1615007875136829,3349596
2,500,1615007875139625,3624893
2,500,1615007875140802,2892344
2,500,1615007875155710,2773503
2,500,1615007875164299,3129779
2,500,1615007875175976,3418494
2,500,1615007875191333,3240244
2,500,1615007875192172,2856572
2,500,1615007875193186,2822234
2,500,1615007875195076,2784284
2,500,1615007875205716,3296089
2,500,1615007875223110,3429234
2,500,1615007875236091,1085186
2,500,1615007875239401,3322931
2,500,1615007875244220,3866685
2,500,1615007875282844,1006800
2,500,1615007875306221,2971109
2,500,1615007875317992,2922193
2,500,1615007875323451,2912343
2,500,1615007875325664,2885888
2,500,1615007875330982,3431995
2,500,1615007875342318,2918338
2,500,1615007875344800,2867382
2,500,1615007875345532,942083
2,500,1615007875358332,3384140
2,500,1615007875396672,3499552
2,500,1615007875431767,3485540
2,500,1615007875432029,3369489
2,500,1615007875432359,2976611
2,500,1615007875432880,2949956
2,500,1615007875433321,1008158
2,500,1615007875434473,3443025
2,500,1615007875470808,3074115
2,500,1615007875478718,3056331
2,500,1615007875479026,3891616
2,500,1615007875480310,3449210
2,500,1615007875481014,2979564
2,500,1615007875481299,2879817
2,500,1615007875511191,2897201
2,500,1615007875512109,1012055
2,500,1615007875512474,3500422
2,500,1615007875512985,4079622
2,500,1615007875527742,3188999
2,500,1615007875528836,3927595
2,500,1615007875530597,3450361
2,500,1615007875548763,2904974
2,500,1615007875565122,3428704
2,500,1615007875566482,3121732
2,500,1615007875587817,3498688
2,500,1615007875596483,2994574
2,500,1615007875596810,2927057
2,500,1615007875597214,3259776
2,500,1615007875597425,3164011
2,500,1615007875607824,2948428
2,500,1615007875608267,1102666
2,500,1615007875608617,839905
2,500,1615007875608704,780139
2,500,1615007875608974,3339220
2,500,1615007875623843,3286025
2,500,1615007875628094,4008243
2,500,1615007875628584,3709638
2,500,1615007875665325,2910896
2,500,1615007875665816,3202202
2,500,1615007875677710,819713
2,500,1615007875677817,754034
2,500,1615007875715781,4002652
2,500,1615007875727099,3229652
2,500,1615007875745271,731001
2,500,1615007875754933,4048769
2,500,1615007875757186,3618054
2,500,1615007875758161,2930675
2,500,1615007875772536,3390747
2,500,1615007875775192,735620
2,500,1615007875781130,3400388
2,500,1615007875784562,3324914
2,500,1615007875797653,3873397
2,500,1615007875811589,2983742
2,500,1615007875813697,2861069
2,500,1615007875830677,740035
2,500,1615007875864016,2995751
2,500,1615007875894873,2891323
2,500,1615007875908986,3280596
2,500,1615007875909133,780163
2,500,1615007875923275,3380865
2,500,1615007875964541,2866790
2,500,1615007875965361,2807965
2,500,1615007875980263,3582172
2,500,1615007875995090,3724695
2,500,1615007876021629,3624022
2,500,1615007876030052,870375
2,500,1615007876042346,3063454
2,500,1615007876052203,2872534
2,500,1615007876063862,3592994
2,500,1615007876100587,2783631
2,500,1615007876131929,3634787
2,500,1615007876145400,939694
2,500,1615007876145556,4412827
2,500,1615007876148435,4317050
2,500,1615007876160478,4179979
2,500,1615007876169604,3647389
2,500,1615007876191969,2827705
2,500,1615007876193003,3629397
2,500,1615007876214966,975582
2,500,1615007876215290,3263440
2,500,1615007876232673,3551870
2,500,1615007876257137,3833546
2,500,1615007876281306,996798
2,500,1615007876286333,3863293
2,500,1615007876291130,3952890
2,500,1615007876299060,3293602
2,500,1615007876323917,2914350
2,500,1615007876344316,3769454
2,500,1615007876353113,2941953
2,500,1615007876372272,3391941
2,500,1615007876383471,1025148
2,500,1615007876389106,4301640
2,500,1615007876434354,4610150
2,500,1615007876450356,3995085
2,500,1615007876455124,2968025
2,500,1615007876455617,3730615
2,500,1615007876455952,4001019
2,500,1615007876456266,3427580
2,500,1615007876489222,1054760
2,500,1615007876528565,3940844
2,500,1615007876540243,1027776
2,500,1615007876540520,975468
2,500,1615007876540702,4686404
2,500,1615007876540973,3430169
2,500,1615007876547423,4166117
2,500,1615007876575890,4112652
2,500,1615007876578234,4115380
2,500,1615007876587794,3067620
2,500,1615007876588591,3558094
2,500,1615007876608590,3039872
2,500,1615007876610782,1001816
2,500,1615007876638366,2975827
2,500,1615007876680371,4432159
2,500,1615007876693381,2981423
2,500,1615007876710547,2904496
2,500,1615007876771044,1115307
2,500,1615007876787172,2974020
2,500,1615007876811890,4942336
2,500,1615007876851111,4085669
2,500,1615007876937095,3112281
2,500,1615007876949338,3073969
2,500,1615007876957741,4484527
2,500,1615007876961281,3064060
2,500,1615007876966723,2955237
2,500,1615007876996371,3630133
2,500,1615007876997004,1318904
2,500,1615007876997118,4438079
2,500,1615007877029134,1334318
2,500,1615007877030043,1284302
2,500,1615007877031201,4430427
2,500,1615007877032730,1251610
2,500,1615007877038258,1193032
2,500,1615007877057314,4585048
2,500,1615007877064695,1199438
2,500,1615007877072558,4372824
2,500,1615007877073153,4601293
2,500,1615007877078050,5165487
2,500,1615007877080082,4014285
2,500,1615007877087578,1102239
2,500,1615007877108928,4857995
2,500,1615007877116407,4089403
2,500,1615007877125625,1135880
2,500,1615007877134627,3080734
2,500,1615007877194887,3825778
2,500,1615007877201750,4559414
2,500,1615007877201916,3105082
2,500,1615007877207613,2989313
2,500,1615007877225376,5122351
2,500,1615007877234138,4761259
2,500,1615007877237780,4151152
2,500,1615007877241844,1197150
2,500,1615007877255940,3006310
2,500,1615007877270062,4872914
2,500,1615007877283344,2929034
2,500,1615007877294211,4725805
2,500,1615007877302689,5296497
2,500,1615007877303537,2509315
2,500,1615007877322158,4570534
2,500,1615007877336459,1277864
2,500,1615007877345753,3871151
2,500,1615007877381323,4283943
2,500,1615007877393409,2536465
2,500,1615007877406974,1256878
2,500,1615007877407616,4456153
2,500,1615007877430114,4778328
2,500,1615007877430178,5308984
2,500,1615007877430884,2527488
2,500,1615007877436048,4324408
2,500,1615007877475653,2492054
2,500,1615007877475968,4523704
2,500,1615007877483004,1320353
2,500,1615007877502882,3991157
2,500,1615007877552157,1354735
2,500,1615007877559348,5487717
2,500,1615007877561714,4610549
2,500,1615007877562676,4444400
2,500,1615007877613284,2583532
2,500,1615007877615345,4634585
2,500,1615007877615619,3956172
2,500,1615007877619614,4639702
2,500,1615007877620406,1359706
2,500,1615007877620635,5372829
2,500,1615007877637380,4475341
2,500,1615007877639162,5216355
2,500,1615007877647052,2563866
2,500,1615007877700436,5451748
2,500,1615007877710942,4731520
2,500,1615007877711043,1350254
2,500,1615007877721044,4581263
2,500,1615007877724996,4718540
2,500,1615007877744985,4892196
2,500,1615007877769013,4683478
2,500,1615007877781043,1387045
2,500,1615007877786389,2669005
2,500,1615007877851704,2696007
2,500,1615007877864861,4186041
2,500,1615007877874872,2679910
2,500,1615007877887920,2664821
2,500,1615007877903032,1445903
2,500,1615007877911642,4550450
2,500,1615007877926680,5811038
2,500,1615007877938523,4909345
2,500,1615007877950263,2678371
2,500,1615007877951909,4946018
2,500,1615007877957754,5507769
2,500,1615007877966709,4650890
2,500,1615007877977060,1365839
2,500,1615007878013713,4602106
2,500,1615007878015915,4899299
2,500,1615007878030349,2699380
2,500,1615007878034439,5080998
2,500,1615007878041952,5437218
2,500,1615007878042626,4978985
2,500,1615007878063033,2631278
2,500,1615007878075465,4530404
2,500,1615007878078100,2576028
2,500,1615007878091047,5009045
2,500,1615007878100948,1453961
2,500,1615007878103738,5466321
2,500,1615007878118539,2587955
2,500,1615007878120973,5784855
2,500,1615007878147082,4334466
2,500,1615007878149985,4595812
2,500,1615007878157098,1484619
2,500,1615007878180514,2583309
2,500,1615007878180633,4955330
2,500,1615007878184616,1419388
2,500,1615007878195766,2502444
2,500,1615007878208764,1384820
2,500,1615007878213728,6091051
2,500,1615007878219518,2492432
2,500,1615007878234152,1312999
2,500,1615007878248453,4935276
2,500,1615007878293496,1371973
2,500,1615007878313359,2554831
2,500,1615007878331572,1392829
2,500,1615007878331859,5302909
2,500,1615007878332000,4989296
2,500,1615007878332121,2518070
2,500,1615007878381562,2458298
2,500,1615007878382086,6258918
2,500,1615007878382497,5655132
2,500,1615007878393189,1414723
2,500,1615007878394356,5053126
2,500,1615007878402498,5273127
2,500,1615007878411785,5407349
2,500,1615007878423046,6051688
2,500,1615007878424972,4801979
2,500,1615007878436581,1441249
2,500,1615007878444984,4568949
2,500,1615007878480077,1449759
2,500,1615007878496120,5465321
2,500,1615007878513626,2571939
2,500,1615007878525757,1494599
2,500,1615007878529958,5114345
2,500,1615007878549143,2520564
2,500,1615007878550899,1303620
2,500,1615007878553264,5401017
2,500,1615007878555792,4628518
2,500,1615007878557115,5806121
2,500,1615007878578030,2501418
2,500,1615007878578259,1212633
2,500,1615007878583856,2432626
2,500,1615007878584235,5056511
2,500,1615007878598408,5481410
2,500,1615007878605287,1208093
2,500,1615007878614574,2322770
2,500,1615007878616075,5197600
2,500,1615007878638591,4969440
2,500,1615007878654413,2324796
2,500,1615007878665353,1181854
2,500,1615007878693363,5610642
2,500,1615007878701565,4720555
2,500,1615007878707834,1195614
2,500,1615007878714654,5515073
2,500,1615007878737399,5884045
2,500,1615007878738577,1201306
2,500,1615007878738811,6342482
2,500,1615007878741419,5186471
2,500,1615007878748675,1033308
2,500,1615007878756140,4772036
2,500,1615007878765360,2381945
2,500,1615007878770976,997768
2,500,1615007878778929,5526603
2,500,1615007878781302,5206753
2,500,1615007878787473,2238814
2,500,1615007878804962,1008266
2,500,1615007878811875,5632807
2,500,1615007878812104,5858171
2,500,1615007878833706,4821816
2,500,1615007878849540,6482720
2,500,1615007878874756,1008824
2,500,1615007878875989,5535572
2,500,1615007878876140,5274947
2,500,1615007878878263,2302380
2,500,1615007878879431,5454197
2,500,1615007878881344,972421
2,500,1615007878898985,5229535
2,500,1615007878912689,2301927
2,500,1615007878912814,1001189
2,500,1615007878936414,1012248
2,500,1615007878951708,991853
2,500,1615007878954974,852189
2,500,1615007878956590,5527790
2,500,1615007878960055,823625
2,500,1615007878972415,685563
2,500,1615007878977080,583048
2,500,1615007878981202,569434
2,500,1615007878987214,368695
2,500,1615007878993169,355042
2,500,1615007878996043,281397
2,500,1615007879000915,225546
2,500,1615007879004574,5575325
2,500,1615007879006594,46770
2,500,1615007879019886,26365
2,500,1615007879020084,2351935
2,500,1615007879024273,5556260
2,500,1615007879057434,5940944
2,500,1615007879058264,5576835
2,500,1615007879074329,26039
2,500,1615007879075248,5824132
2,500,1615007879082791,5521657
2,500,1615007879097704,25963
2,500,1615007879114913,5062622
2,500,1615007879123460,6706630
2,500,1615007879138848,6134274
2,500,1615007879144333,2468217
2,500,1615007879146691,5466806
2,500,1615007879197386,5466740
2,500,1615007879212807,5864417
2,500,1615007879222725,2464120
2,500,1615007879250407,5514452
2,500,1615007879254654,5522355
2,500,1615007879262615,2366679
2,500,1615007879270786,23681
2,500,1615007879277422,2361522
2,500,1615007879277533,5924908
2,500,1615007879286038,22299
2,500,1615007879294059,2377681
2,500,1615007879297980,23300
2,500,1615007879344603,6141943
2,500,1615007879344824,6316808
2,500,1615007879353758,2422939
2,500,1615007879363316,6980783
2,500,1615007879370319,5196201
2,500,1615007879375668,5588209
2,500,1615007879377171,2268259
2,500,1615007879414115,5627189
2,500,1615007879421180,6071038
2,500,1615007879432442,5696994
2,500,1615007879437639,24600
2,500,1615007879456099,23270
2,500,1615007879457332,7013019
2,500,1615007879467552,2286301
2,500,1615007879472786,2287960
2,500,1615007879508017,6144799
2,500,1615007879528611,6217567
2,500,1615007879545700,7089617
2,500,1615007879557353,6492192
2,500,1615007879558190,5206836
2,500,1615007879588247,5689756
2,500,1615007879620801,7164413
2,500,1615007879652969,6287051
2,500,1615007879653211,6232946
2,500,1615007879657766,20702
2,500,1615007879678669,2450268
2,500,1615007879681931,2421047
2,500,1615007879707800,5966612
2,500,1615007879709493,2427673
2,500,1615007879736246,2365154
2,500,1615007879738063,6651839
2,500,1615007879764179,7293734
2,500,1615007879765860,5929865
2,500,1615007879766392,5853299
2,500,1615007879811447,7338802
2,500,1615007879811852,5848375
2,500,1615007879819509,5871179
2,500,1615007879825075,5804765
2,500,1615007879828181,5808417
2,500,1615007879832615,7368643
2,500,1615007879857900,5779586
2,500,1615007879859207,5078831
2,500,1615007879859446,68902
2,500,1615007879859572,48144
2,500,1615007879862635,5697159
2,500,1615007879862931,7384854
2,500,1615007879870545,2469541
2,500,1615007879875734,6426812
2,500,1615007879984762,6619901
2,500,1615007879984830,6598931
2,500,1615007879984896,6108445
2,500,1615007880027630,6622368
2,500,1615007880027733,6916482
2,500,1615007880027791,6661137
2,500,1615007880030500,5193409
2,500,1615007880032905,5627745
2,500,1615007880050718,5938942
2,500,1615007880050900,2619276
2,500,1615007880051026,7421391
2,500,1615007880076209,2524072
2,500,1615007880078147,2457762
2,500,1615007880078459,2315131
2,500,1615007880095673,50252
2,500,1615007880097192,6572079
2,500,1615007880100106,6786269
2,500,1615007880123883,2302844
2,500,1615007880124740,7477019
2,500,1615007880125947,6149238
2,500,1615007880146232,2295169
2,500,1615007880150527,49963
2,500,1615007880159388,2294551
2,500,1615007880167226,5283986
2,500,1615007880167484,6757720
2,500,1615007880168987,6827417
2,500,1615007880176321,2247830
2,500,1615007880176546,5393529
2,500,1615007880194345,35957
2,500,1615007880194571,2189974
2,500,1615007880195647,6787733
2,500,1615007880228475,26964
2,500,1615007880242159,6632192
2,500,1615007880242260,7549952
2,500,1615007880247611,6220305
2,500,1615007880249055,2212175
2,500,1615007880252352,7627847
2,500,1615007880329294,6212957
2,500,1615007880354395,2297997
2,500,1615007880363720,34450
2,500,1615007880392794,6976777
2,500,1615007880403712,50020
2,500,1615007880403812,40459
2,500,1615007880415072,5470808
2,500,1615007880415172,5558525
2,500,1615007880425934,6957087
2,500,1615007880442113,7588190
2,500,1615007880448923,2356351
2,500,1615007880450267,6827621
2,500,1615007880457990,6385200
2,500,1615007880460140,7049465
2,500,1615007880481218,22883
2,500,1615007880519831,6922520
2,500,1615007880524946,6330312
2,500,1615007880530022,27300
2,500,1615007880536563,7901766
2,500,1615007880536823,5644513
2,500,1615007880549041,5521192
2,500,1615007880558006,30975
2,500,1615007880575718,6470343
2,500,1615007880587207,2436841
2,500,1615007880587532,7633241
2,500,1615007880587720,6870426
2,500,1615007880592677,7176291
2,500,1615007880593777,22872
2,500,1615007880600247,24535
2,500,1615007880611520,5553199
2,500,1615007880619894,31830
2,500,1615007880620045,24902
2,500,1615007880645732,7196375
2,500,1615007880650268,24534
2,500,1615007880659555,6463625
2,500,1615007880662718,7150434
2,500,1615007880673915,2507427
2,500,1615007880682682,6374682
2,500,1615007880704438,29147
2,500,1615007880705579,2512177
2,500,1615007880733911,6346644
2,500,1615007880753744,7249470
2,500,1615007880773721,2508103
2,500,1615007880782896,6378644
2,500,1615007880791007,2483543
2,500,1615007880806908,6380904
2,500,1615007880850453,2509472
2,500,1615007880873296,39057
2,500,1615007880884961,7124042
2,500,1615007880920721,2429954
2,500,1615007880922372,6486717
2,500,1615007880951497,5840852
2,500,1615007880965372,2438910
2,500,1615007880984465,25947
2,500,1615007880992328,6012792
2,500,1615007881008189,25933
2,500,1615007881011624,2458978
2,500,1615007881085441,7462041
2,500,1615007881113211,25450
2,500,1615007881128013,2571793
2,500,1615007881149905,6874420
2,500,1615007881158423,6129050
2,500,1615007881166168,7245332
2,500,1615007881169021,7656279
2,500,1615007881174886,8531181
2,500,1615007881175464,2586090
2,500,1615007881201175,8196231
2,500,1615007881204183,2596020
2,500,1615007881225528,7556848
2,500,1615007881226722,2489336
2,500,1615007881242797,6012664
2,500,1615007881251282,33191
2,500,1615007881252257,7740620
2,500,1615007881262277,2503571
2,500,1615007881286308,2462428
2,500,1615007881300503,6517998
2,500,1615007881309596,6226897
2,500,1615007881313797,2434380
2,500,1615007881331174,2343640
2,500,1615007881384267,27178
2,500,1615007881387345,2275383
2,500,1615007881390249,7711818
2,500,1615007881400242,6550717
2,500,1615007881401444,7122714
2,500,1615007881415068,7467002
2,500,1615007881415325,2221003
2,500,1615007881425018,7892504
2,500,1615007881480631,6208379
2,500,1615007881499947,8471722
2,500,1615007881500498,8791319
2,500,1615007881504900,6387812
2,500,1615007881523490,7990539
2,500,1615007881523970,2301257
2,500,1615007881535208,2299594
2,500,1615007881544095,6652919
2,500,1615007881550108,8009618
2,500,1615007881552086,2295535
2,500,1615007881561457,2298033
2,500,1615007881585778,7807423
2,500,1615007881586461,7231771
2,500,1615007881594268,7613539
2,500,1615007881603021,2321573
2,500,1615007881625157,6282861
2,500,1615007881658399,2213735
2,500,1615007881668528,8075625
2,500,1615007881700431,7687938
2,500,1615007881712221,2260686
2,500,1615007881721223,6776406
2,500,1615007881731333,9011549
2,500,1615007881747318,2100271
2,500,1615007881757274,8216560
2,500,1615007881757359,6616565
2,500,1615007881790431,7399705
2,500,1615007881798820,8768625
2,500,1615007881802983,7983858
2,500,1615007881830263,6802021
2,500,1615007881857819,6425468
2,500,1615007881871056,8805541
2,500,1615007881908900,7632019
2,500,1615007881912773,8083881
2,500,1615007881913814,21831
2,500,1615007881928514,7514317
2,500,1615007881934085,8379474
2,500,1615007881936429,6433899
2,500,1615007881970237,22897
2,500,1615007881978306,9210452
2,500,1615007881983798,7606108
2,500,1615007881989953,8266008
2,500,1615007881991202,23326
2,500,1615007881999528,6807365
2,500,1615007882042565,7611583
2,500,1615007882051047,8884664
2,500,1615007882061445,6513252
2,500,1615007882084514,31366
2,500,1615007882105475,7701673
2,500,1615007882128522,8374779
2,500,1615007882144386,2488271
2,500,1615007882155485,24713
2,500,1615007882159144,6936449
2,500,1615007882161664,27424
2,500,1615007882165519,2483612
2,500,1615007882170403,7723226
2,500,1615007882171150,9341090
2,500,1615007882185894,6578558
2,500,1615007882205676,34545
2,500,1615007882208421,7149734
2,500,1615007882230367,9046818
2,500,1615007882237960,2526831
2,500,1615007882239066,8478013
2,500,1615007882245192,7819545
2,500,1615007882274564,8703929
2,500,1615007882298140,7041782
2,500,1615007882301851,2464564
2,500,1615007882327199,7840887
2,500,1615007882342517,6712311
2,500,1615007882351087,8518796
2,500,1615007882375792,7940512
2,500,1615007882376166,29847
2,500,1615007882397179,9444192
2,500,1615007882405532,8528655
2,500,1615007882407102,7089147
2,500,1615007882413410,7908019
2,500,1615007882423468,9171548
2,500,1615007882424452,8534897
2,500,1615007882448209,6782463
2,500,1615007882450515,2447280
2,500,1615007882468370,8014050
2,500,1615007882486119,7070364
2,500,1615007882528764,2525286
2,500,1615007882528830,9170518
2,500,1615007882528950,8629762
2,500,1615007882529416,7762154
2,500,1615007882529720,6835890
2,500,1615007882546204,9542246
2,500,1615007882546859,8046587
2,500,1615007882547966,7435077
2,500,1615007882557353,8636849
2,500,1615007882557573,69456
2,500,1615007882569538,7759668
2,500,1615007882609591,8990391
2,500,1615007882636345,8653975
2,500,1615007882636471,6894036
2,500,1615007882640405,8720357
2,500,1615007882640910,8134876
2,500,1615007882641561,2607802
2,500,1615007882646024,67567
2,500,1615007882659948,9296364
2,500,1615007882660285,7179305
2,500,1615007882675914,7536299
2,500,1615007882695929,2650882
2,500,1615007882713290,9685600
2,500,1615007882727226,7869802
2,500,1615007882778457,2720574
2,500,1615007882781668,8799080
2,500,1615007882782077,95159
2,500,1615007882798436,6874284
2,500,1615007882798570,69776
2,500,1615007882799102,8030156
2,500,1615007882822765,2720770
2,500,1615007882875801,7700464
2,500,1615007882876096,2750569
2,500,1615007882876505,2726442
2,500,1615007882876809,9115315
2,500,1615007882890926,7361034
2,500,1615007882891161,2726088
2,500,1615007882905279,9540132
2,500,1615007882908700,8004749
2,500,1615007882948579,8890932
2,500,1615007882949322,123234
2,500,1615007882949496,112797
2,500,1615007882950587,8983335
2,500,1615007882950715,2727769
2,500,1615007882950830,2639772
2,500,1615007882957171,9927269
2,500,1615007882958672,7362200
2,500,1615007882959273,116888
2,500,1615007882963906,2537993
2,500,1615007882987331,8874891
2,500,1615007883041996,9673263
2,500,1615007883047402,8916967
2,500,1615007883052017,2494039
2,500,1615007883053491,7423479
2,500,1615007883079937,7824520
2,500,1615007883083003,7091267
2,500,1615007883083477,8098359
2,500,1615007883084793,8253533
2,500,1615007883084988,9308049
2,500,1615007883092034,9111729
2,500,1615007883110167,100504
2,500,1615007883127148,8987472
2,500,1615007883129371,7820360
2,500,1615007883136733,7047991
2,500,1615007883136902,8278596
2,500,1615007883136999,7471686
2,500,1615007883140222,2491281
2,500,1615007883140295,8101189
2,500,1615007883150508,9330898
2,500,1615007883174517,8249771
2,500,1615007883176451,7087262
2,500,1615007883181854,9099233
2,500,1615007883187799,2505496
2,500,1615007883188059,8988505
2,500,1615007883190661,7794844
2,500,1615007883196794,155182
2,500,1615007883199577,8110211
2,500,1615007883227293,9402041
2,500,1615007883227350,8212466
2,500,1615007883235341,8830494
2,500,1615007883249465,7100231
2,500,1615007883249821,8132159
2,500,1615007883261456,8204729
2,500,1615007883262517,7783503
2,500,1615007883265728,9182687
2,500,1615007883279032,9446054
2,500,1615007883280575,8854103
2,500,1615007883284767,7133771
2,500,1615007883286706,2545898
2,500,1615007883301696,7772870
2,500,1615007883301937,8142470
2,500,1615007883306923,8210338
2,500,1615007883327745,280642
2,500,1615007883337340,9222474
2,500,1615007883338002,7645190
2,500,1615007883356322,9966539
2,500,1615007883381870,8876900
2,500,1615007883382024,254019
2,500,1615007883382106,9539999
2,500,1615007883413753,7236230
2,500,1615007883435482,8668303
2,500,1615007883452301,9593272
2,500,1615007883452425,7865745
2,500,1615007883453152,10063022
2,500,1615007883468547,146973
2,500,1615007883528640,2787423
2,500,1615007883528714,8759352
2,500,1615007883543818,9646158
2,500,1615007883574523,10107584
2,500,1615007883576171,10511823
2,500,1615007883578158,9640923
2,500,1615007883606020,2810398
2,500,1615007883616807,2802400
2,500,1615007883627780,9548949
2,500,1615007883657129,9564929
2,500,1615007883665687,9416833
2,500,1615007883687545,9409327
2,500,1615007883705138,9351400
2,500,1615007883735638,9345600
2,500,1615007883741532,2865888
2,500,1615007883777091,9363509
2,500,1615007883777358,8994421
2,500,1615007883777832,8578819
2,500,1615007883781337,8925102
2,500,1615007883791259,2868505
2,500,1615007883804323,2767594
2,500,1615007883804596,9612643
2,500,1615007883813608,8976806
2,500,1615007883821081,8929023
2,500,1615007883830796,306665
2,500,1615007883871352,8902970
2,500,1615007883871641,8842670
2,500,1615007883872605,2796357
2,500,1615007883876998,2733748
2,500,1615007884054957,8979503
2,500,1615007884058787,8942399
2,500,1615007884063005,8922573
2,500,1615007884063240,2900989
2,500,1615007884063814,8934463
2,500,1615007884083372,8356763
2,500,1615007884086643,425563
2,500,1615007884107541,445860
2,500,1615007884111210,8483127
2,500,1615007884129595,2953808
2,500,1615007884173659,2969089
2,500,1615007884195690,10670933
2,500,1615007884196091,8536411
2,500,1615007884207835,9325044
2,500,1615007884212370,7963768
2,500,1615007884212695,11126801
2,500,1615007884225818,2987576
2,500,1615007884236591,8478784
2,500,1615007884251163,533476
2,500,1615007884254124,9090685
2,500,1615007884279869,9043786
2,500,1615007884294697,2984305
2,500,1615007884299959,507828
2,500,1615007884314039,9122718
2,500,1615007884314427,2951504
2,500,1615007884389602,278404
2,500,1615007884389692,243738
2,500,1615007884477455,3085752
2,500,1615007884477597,2989582
2,500,1615007884478284,2973400
2,500,1615007884478799,2951853
2,500,1615007884479593,2944077
2,500,1615007884479625,11368462
2,500,1615007884479706,9270629
2,500,1615007884479828,9196993
2,500,1615007884479911,9134391
2,500,1615007884480980,10903100
2,500,1615007884481236,10233368
2,500,1615007884482024,10093116
2,500,1615007884482147,286063
2,500,1615007884482182,230653
2,500,1615007884482232,8557764
2,500,1615007884482258,9538474
2,500,1615007884482404,9455011
2,500,1615007884482911,8218637
2,500,1615007884483087,8127139
2,500,1615007884523359,9301088
2,500,1615007884524969,8833185
2,500,1615007884525066,252405
2,500,1615007884525101,223691
2,500,1615007884543963,9299753
2,500,1615007884544118,9110805
2,500,1615007884552531,8174333
2,500,1615007884552807,10147120
2,500,1615007884552850,8832871
2,500,1615007884553008,2973959
2,500,1615007884553070,11435507
2,500,1615007884554185,10962419
2,500,1615007884558269,8616108
2,500,1615007884590612,2955410
2,500,1615007884620146,9364133
2,500,1615007884629070,9343688
2,500,1615007884647237,9589244
2,500,1615007884647520,2958260
2,500,1615007884648457,10881152
2,500,1615007884648583,316727
2,500,1615007884665061,2941922
2,500,1615007884668961,8210946
2,500,1615007884695351,347229
2,500,1615007884748519,2628425
2,500,1615007884768972,2626212
2,500,1615007884795739,9283640
2,500,1615007884820181,2614593
2,500,1615007884820228,10334150
2,500,1615007884836171,2562522
2,500,1615007884862464,498284
2,500,1615007884876384,2464832
2,500,1615007884889522,9134598
2,500,1615007884895461,2430226
2,500,1615007884896230,2318078
2,500,1615007884903839,8913669
2,500,1615007884931103,2330225
2,500,1615007884937174,2270451
2,500,1615007884937282,2207984
2,500,1615007884940502,9571562
2,500,1615007884943713,377501
2,500,1615007884945826,9848155
2,500,1615007884956261,377746
2,500,1615007884961890,8448009
2,500,1615007884972920,383230
2,500,1615007884974469,9837650
2,500,1615007884977581,9418809
2,500,1615007884988721,361950
2,500,1615007884995093,9525436
2,500,1615007884999430,2268813
2,500,1615007885011714,296509
2,500,1615007885019845,8473392
2,500,1615007885022293,9847191
2,500,1615007885022437,302696
2,500,1615007885029477,9718750
2,500,1615007885030648,9517725
2,500,1615007885037375,9429118
2,500,1615007885051176,269032
2,500,1615007885051359,173156
2,500,1615007885055143,8374792
2,500,1615007885058167,170384
2,500,1615007885070489,9860487
2,500,1615007885078078,9512012
2,500,1615007885079050,9423664
2,500,1615007885079843,9304669
2,500,1615007885080508,118275
2,500,1615007885080724,114838
2,500,1615007885080796,90577
2,500,1615007885081029,8384666
2,500,1615007885081397,11210597
2,500,1615007885110239,9483083
2,500,1615007885125330,2389204
2,500,1615007885126352,9874713
2,500,1615007885126632,9755979
2,500,1615007885141200,31026
2,500,1615007885141754,8410568
2,500,1615007885153312,9322651
2,500,1615007885199695,2450176
2,500,1615007885200306,2422520
2,500,1615007885200743,9729944
2,500,1615007885204695,12074977
2,500,1615007885208327,66582
2,500,1615007885209083,39030
2,500,1615007885227367,9699188
2,500,1615007885227737,9430095
2,500,1615007885236358,9577205
2,500,1615007885253522,9227165
2,500,1615007885254392,2472798
2,500,1615007885258749,8510116
2,500,1615007885268340,9403637
2,500,1615007885268798,2467404
2,500,1615007885269694,9423434
2,500,1615007885287030,2322493
2,500,1615007885290718,9396318
2,500,1615007885301049,10800610
2,500,1615007885313999,2261546
2,500,1615007885314223,11424160
2,500,1615007885315062,2214251
2,500,1615007885335467,9421976
2,500,1615007885337217,36518
2,500,1615007885341869,27890
2,500,1615007885372510,9957342
2,500,1615007885401094,9706795
2,500,1615007885403396,12236398
2,500,1615007885405154,9464279
2,500,1615007885409943,9379907
2,500,1615007885413268,24067
2,500,1615007885413566,2183361
2,500,1615007885441217,24197
2,500,1615007885451693,9768758
2,500,1615007885460298,8691089
2,500,1615007885480331,10973979
2,500,1615007885486706,9402554
2,500,1615007885527666,9463430
2,500,1615007885528418,11614781
2,500,1615007885533128,9787875
2,500,1615007885546089,2073687
2,500,1615007885562592,26858
2,500,1615007885566882,9608332
2,500,1615007885567047,9851275
2,500,1615007885583750,8811197
2,500,1615007885586774,12360553
2,500,1615007885587770,10107469
2,500,1615007885612789,9459400
2,500,1615007885621676,24421
2,500,1615007885628727,2064837
2,500,1615007885682611,10153141
2,500,1615007885694064,9629026
2,500,1615007885695229,9533060
2,500,1615007885695296,8879441
2,500,1615007885695532,10926396
2,500,1615007885695564,10863963
2,500,1615007885695777,9949811
2,500,1615007885712323,37384
2,500,1615007885712422,10124615
2,500,1615007885719672,2141529
2,500,1615007885727039,37828
2,500,1615007885729451,33306
2,500,1615007885743156,11761246
2,500,1615007885750130,10891611
2,500,1615007885761738,62082
2,500,1615007885772536,9715940
2,500,1615007885830605,22983
2,500,1615007885847674,27723
2,500,1615007885854104,10079335
2,500,1615007885884235,10100055
2,500,1615007885888468,26713
2,500,1615007885889816,9028493
2,500,1615007885897326,33813
2,500,1615007885926700,9842890
2,500,1615007885947684,12595586
2,500,1615007885955786,9758062
2,500,1615007885965053,2246914
2,500,1615007885970515,11913675
2,500,1615007885970653,2217863
2,500,1615007885987092,10357828
2,500,1615007885987205,9910905
2,500,1615007886020007,2266906
2,500,1615007886020375,2182980
2,500,1615007886021378,2183803
2,500,1615007886021625,10200228
2,500,1615007886027589,79919
2,500,1615007886029297,2151580
2,500,1615007886035125,11110164
2,500,1615007886068417,2004613
2,500,1615007886076615,10231065
2,500,1615007886091254,22851
2,500,1615007886097731,9802655
2,500,1615007886116449,9254782
2,500,1615007886143692,2013591
2,500,1615007886148706,1974248
2,500,1615007886153624,1926910
2,500,1615007886165378,9953851
2,500,1615007886170823,1916711
2,500,1615007886175278,1875572
2,500,1615007886185269,23778
2,500,1615007886204171,38325
2,500,1615007886233082,10369076
2,500,1615007886247559,10381753
2,500,1615007886249627,10135975
2,500,1615007886272648,9381175
2,500,1615007886283057,10618007
2,500,1615007886283143,1967148
2,500,1615007886295908,12933156
2,500,1615007886296260,12238990
2,500,1615007886299083,9945052
2,500,1615007886341405,21140
2,500,1615007886354232,2031310
2,500,1615007886365120,24584
2,500,1615007886381294,23887
2,500,1615007886400375,10158707
2,500,1615007886406834,10273961
2,500,1615007886416571,11394445
2,500,1615007886424021,10515046
2,500,1615007886425941,10513237
2,500,1615007886426329,2096718
2,500,1615007886431133,2098856
2,500,1615007886454549,9998606
2,500,1615007886499810,2016485
2,500,1615007886513831,1964626
2,500,1615007886514109,10821583
2,500,1615007886514250,13149785
2,500,1615007886554532,24814
2,500,1615007886555691,9524934
2,500,1615007886561859,12498577
2,500,1615007886567990,10262537
2,500,1615007886589225,23523
2,500,1615007886595039,25272
2,500,1615007886608085,10625737
2,500,1615007886611521,11554395
2,500,1615007886617209,10317913
2,500,1615007886633456,10708653
2,500,1615007886635627,10147101
2,500,1615007886658227,2063720
2,500,1615007886661705,2021315
2,500,1615007886697305,13321423
2,500,1615007886726422,11629618
2,500,1615007886733171,10743567
2,500,1615007886752701,25998
2,500,1615007886756225,9668187
2,500,1615007886758845,27122
2,500,1615007886777944,10238021
2,500,1615007886783714,24595
2,500,1615007886830943,10753882
2,500,1615007886857859,13460688
2,500,1615007886866846,10317340
2,500,1615007886871743,11145389
2,500,1615007886891510,10653084
2,500,1615007886899646,10599893
2,500,1615007886907654,10956299
2,500,1615007886907939,10330973
2,500,1615007886931764,13481760
2,500,1615007886932395,10693485
2,500,1615007886950199,12838119
2,500,1615007886964212,10177061
2,500,1615007886980166,10708423
2,500,1615007887017526,13420757
2,500,1615007887017654,10627753
2,500,1615007887033312,10230297
2,500,1615007887048752,9955770
2,500,1615007887057090,10508047
2,500,1615007887075868,13396755
2,500,1615007887086667,9994418
2,500,1615007887091462,10515119
2,500,1615007887122549,10481394
2,500,1615007887125683,9905118
2,500,1615007887136047,13399705
2,500,1615007887155990,86353
2,500,1615007887158394,10514307
2,500,1615007887181011,9748602
2,500,1615007887201689,11229564
2,500,1615007887202377,13373903
2,500,1615007887204819,10455742
2,500,1615007887231811,10873317
2,500,1615007887232467,9770757
2,500,1615007887232983,2532951
2,500,1615007887233096,2494391
2,500,1615007887271944,13442651
2,500,1615007887279338,12142878
2,500,1615007887283741,11526564
2,500,1615007887302404,13469840
2,500,1615007887302516,71955
2,500,1615007887314139,81164
2,500,1615007887314393,48706
2,500,1615007887331357,13471593
2,500,1615007887341389,13465800
2,500,1615007887360397,2584378
2,500,1615007887362407,2565323
2,500,1615007887365629,13437240
2,500,1615007887386788,31907
2,500,1615007887394756,13445551
2,500,1615007887399006,28947
2,500,1615007887402618,2549154
2,500,1615007887421394,2550804
2,500,1615007887433236,2560143
2,500,1615007887433357,13330109
2,500,1615007887445257,10284986
2,500,1615007887449690,23661
2,500,1615007887449765,11053948
2,500,1615007887463794,10474940
2,500,1615007887484306,26333
2,500,1615007887528981,2635989
2,500,1615007887535217,2627249
2,500,1615007887539384,13313313
2,500,1615007887555301,9974471
2,500,1615007887560318,10555312
2,500,1615007887570273,23978
2,500,1615007887587565,11205928
2,500,1615007887588500,11602986
2,500,1615007887616463,13512779
2,500,1615007887638846,2730567
2,500,1615007887643665,12479755
2,500,1615007887652415,24292
2,500,1615007887661523,10470885
2,500,1615007887710221,10127422
2,500,1615007887712942,11901365
2,500,1615007887717168,11312664
2,500,1615007887744460,10715789
2,500,1615007887774030,11783594
2,500,1615007887779008,10158894
2,500,1615007887818220,11361422
2,500,1615007887821590,10161713
2,500,1615007887855033,10046545
2,500,1615007887886366,2911542
2,500,1615007887912255,10079024
2,500,1615007887920326,2863086
2,500,1615007887954757,2828418
2,500,1615007887954894,2800489
2,500,1615007887966964,10733978
2,500,1615007887976116,12129461
2,500,1615007887977815,11985767
2,500,1615007887989792,12556926
2,500,1615007887990715,13601439
2,500,1615007887993650,10128153
2,500,1615007888016927,11488783
2,500,1615007888017232,13850487
2,500,1615007888017919,10939886
2,500,1615007888018255,11529047
2,500,1615007888095518,2894783
2,500,1615007888097448,29481
2,500,1615007888133920,26295
2,500,1615007888159066,12647891
2,500,1615007888163605,23138
2,500,1615007888218896,44640
2,500,1615007888222125,47017
2,500,1615007888222291,30518
2,500,1615007888222691,11674826
2,500,1615007888234889,10984610
2,500,1615007888242738,13836583
2,500,1615007888268102,45425
2,500,1615007888272332,10377769
2,500,1615007888277728,11044455
2,500,1615007888283656,41663
2,500,1615007888286537,12391674
2,500,1615007888289973,21894
2,500,1615007888294809,22486
2,500,1615007888302267,11020033
2,500,1615007888335851,12787152
2,500,1615007888344918,12352146
2,500,1615007888366321,3138965
2,500,1615007888366439,3108138
2,500,1615007888415980,3146696
2,500,1615007888416238,13988228
2,500,1615007888444731,11869151
2,500,1615007888471734,3181034
2,500,1615007888508963,11968732
2,500,1615007888533484,11217717
2,500,1615007888541582,11163866
2,500,1615007888541643,3152017
2,500,1615007888543276,14096587
2,500,1615007888545274,11967050
2,500,1615007888579124,107417
2,500,1615007888582888,49415
2,500,1615007888585543,12977734
2,500,1615007888600850,11903612
2,500,1615007888607765,11158581
2,500,1615007888648082,13017362
2,500,1615007888648222,3123618
2,500,1615007888651392,3047093
2,500,1615007888652731,14167164
2,500,1615007888672265,11937676
2,500,1615007888695492,11234086
2,500,1615007888697769,3005731
2,500,1615007888745167,11885339
2,500,1615007888775651,13097961
2,500,1615007888786142,2860613
2,500,1615007888790650,92903
2,500,1615007888820659,11282594
2,500,1615007888821283,14038479
2,500,1615007888854554,78918
2,500,1615007888887910,2961220
2,500,1615007888918092,98022
2,500,1615007888940436,3002888
2,500,1615007888940882,11601576
2,500,1615007888951408,14757077
2,500,1615007888958177,11057446
2,500,1615007888960199,13039796
2,500,1615007888976813,12426847
2,500,1615007888977253,12931975
2,500,1615007888978228,91200
2,500,1615007889000003,11440668
2,500,1615007889000200,11418376
2,500,1615007889007383,13313199
2,500,1615007889007671,3059013
2,500,1615007889008176,11657504
2,500,1615007889010862,11658505
2,500,1615007889037104,12459740
2,500,1615007889067091,14213540
2,500,1615007889067328,14175736
2,500,1615007889070032,3104636
2,500,1615007889117167,12474530
2,500,1615007889117908,13029831
2,500,1615007889134830,13042817
2,500,1615007889135294,195273
2,500,1615007889139208,139681
2,500,1615007889139694,11505786
2,500,1615007889140128,13397425
2,500,1615007889141245,3136635
2,500,1615007889141584,11768869
2,500,1615007889144951,12204476
2,500,1615007889195304,3151427
2,500,1615007889244970,79421
2,500,1615007889269102,3151461
2,500,1615007889270177,14880584
2,500,1615007889270685,11344019
2,500,1615007889355671,11663161
2,500,1615007889355875,11644054
2,500,1615007889356629,3234937
2,500,1615007889386337,14979765
2,500,1615007889392966,11395239
2,500,1615007889407762,12466881
2,500,1615007889412099,144755
2,500,1615007889422815,67431
2,500,1615007889424476,3294187
2,500,1615007889448796,11408087
2,500,1615007889461139,12747243
2,500,1615007889461582,13348400
2,500,1615007889481894,11750021
2,500,1615007889491595,3347298
2,500,1615007889501683,13560272
2,500,1615007889535452,112226
2,500,1615007889535608,54408
2,500,1615007889536810,3384589
2,500,1615007889603040,13830518
2,500,1615007889603685,3344530
2,500,1615007889605083,12215852
2,500,1615007889613417,12653297
2,500,1615007889644898,108856
2,500,1615007889645243,78947
2,500,1615007889652124,14706574
2,500,1615007889652819,11842260
2,500,1615007889653672,3323105
2,500,1615007889672536,15244138
2,500,1615007889682140,3278470
2,500,1615007889739536,87420
2,500,1615007889739651,58146
2,500,1615007889740631,3330530
2,500,1615007889741714,11688530
2,500,1615007889767495,11934695
2,500,1615007889769011,3291592
2,500,1615007889789659,12972376
2,500,1615007889790090,13585445
2,500,1615007889834882,3356964
2,500,1615007889864983,12734947
2,500,1615007889867931,127900
2,500,1615007889868730,14047794
2,500,1615007889870315,3236151
2,500,1615007889870705,12477726
2,500,1615007889913589,159682
2,500,1615007889928847,3287703
2,500,1615007889956166,14927603
2,500,1615007889956593,12032045
2,500,1615007889957117,13992590
2,500,1615007889980047,11841608
2,500,1615007889999450,189145
2,500,1615007889999568,131211
2,500,1615007890045438,2911598
2,500,1615007890046139,15541398
2,500,1615007890059656,13852024
2,500,1615007890060357,132775
2,500,1615007890063650,107494
2,500,1615007890073138,13156240
2,500,1615007890073989,2904878
2,500,1615007890074193,2760073
2,500,1615007890096415,96487
2,500,1615007890096530,62483
2,500,1615007890113763,14250125
2,500,1615007890114189,15039158
2,500,1615007890117130,2796347
2,500,1615007890127496,63491
2,500,1615007890127597,24949
2,500,1615007890151667,2779550
2,500,1615007890169417,15403110
2,500,1615007890187035,51864
2,500,1615007890187198,24191
2,500,1615007890188949,14280300
2,500,1615007890189168,15075816
2,500,1615007890250923,12270225
2,500,1615007890253448,12068471
2,500,1615007890275021,12843085
2,500,1615007890277647,90267
2,500,1615007890290329,39419
2,500,1615007890297837,14321815
2,500,1615007890339418,15570193
2,500,1615007890345681,49207
2,500,1615007890369349,14445610
2,500,1615007890369834,14427815
2,500,1615007890370108,15230076
2,500,1615007890386085,2990287
2,500,1615007890413369,15581493
2,500,1615007890413919,13215258
2,500,1615007890432521,15256739
2,500,1615007890482756,3074948
2,500,1615007890493971,14528192
2,500,1615007890522643,3021223
2,500,1615007890530048,3020053
2,500,1615007890542829,14264743
2,500,1615007890576931,2964149
2,500,1615007890579674,13643780
2,500,1615007890589459,15378846
2,500,1615007890623303,2766049
2,500,1615007890623584,2730494
2,500,1615007890623896,277756
2,500,1615007890664616,14688376
2,500,1615007890673469,290106
2,500,1615007890699718,15840985
2,500,1615007890713126,2784768
2,500,1615007890716533,13154525
2,500,1615007890721662,306852
2,500,1615007890737188,12534414
2,500,1615007890750022,12745884
2,500,1615007890761514,14482805
2,500,1615007890766795,13558415
2,500,1615007890771958,327504
2,500,1615007890773346,13790411
2,500,1615007890789831,14783748
2,500,1615007890811542,2880474
2,500,1615007890816360,2749747
2,500,1615007890816466,346075
2,500,1615007890900371,15644765
2,500,1615007890902100,13339434
2,500,1615007890902964,13637283
2,500,1615007890913190,14924396
2,500,1615007890919166,410448
2,500,1615007890985911,14691282
2,500,1615007891001369,332936
2,500,1615007891013171,13979082
2,500,1615007891030593,12649050
2,500,1615007891032044,12868210
2,500,1615007891033835,2706609
2,500,1615007891034496,13701866
2,500,1615007891062848,2729636
2,500,1615007891063466,15072167
2,500,1615007891063937,13429592
2,500,1615007891066821,16141514
2,500,1615007891134302,2784439
2,500,1615007891135207,428062
2,500,1615007891143335,12750155
2,500,1615007891146090,2729867
2,500,1615007891146425,13503340
2,500,1615007891146748,14817824
2,500,1615007891146862,14757334
2,500,1615007891150422,14112400
2,500,1615007891154260,16127404
2,500,1615007891154366,15157292
2,500,1615007891155105,15148629
2,500,1615007891187105,2711992
2,500,1615007891197087,424447
2,500,1615007891197201,14116782
2,500,1615007891199344,12787863
2,500,1615007891286933,13046013
2,500,1615007891288818,13629297
2,500,1615007891289122,14894612
2,500,1615007891289214,15978981
2,500,1615007891293375,15269647
2,500,1615007891363204,13669796
2,500,1615007891363446,16305795
2,500,1615007891367334,14178130
2,500,1615007891374757,12951795
2,500,1615007891375181,13116327
2,500,1615007891375739,455292
2,500,1615007891389568,14841186
2,500,1615007891389688,2799973
2,500,1615007891409315,14054369
2,500,1615007891422698,410758
2,500,1615007891486931,13775418
2,500,1615007891487135,14248709
2,500,1615007891498633,2882707
2,500,1615007891513750,15368780
2,500,1615007891521556,2869131
2,500,1615007891524371,492796
2,500,1615007891537025,357143
2,500,1615007891537304,14947804
2,500,1615007891550848,13287821
2,500,1615007891554276,2810807
2,500,1615007891563537,13027274
2,500,1615007891564015,348058
2,500,1615007891572868,344382
2,500,1615007891585127,16188547
2,500,1615007891586527,341211
2,500,1615007891595015,15561118
2,500,1615007891604149,14924324
2,500,1615007891605100,13855154
2,500,1615007891605393,14120586
2,500,1615007891605657,14274379
2,500,1615007891622572,335716
2,500,1615007891627026,16529737
2,500,1615007891633989,193544
2,500,1615007891658074,13095524
2,500,1615007891687939,13346302
2,500,1615007891698679,2911493
2,500,1615007891704030,15523966
2,500,1615007891712637,13927857
2,500,1615007891727103,16247230
2,500,1615007891733048,15631785
2,500,1615007891753351,13181656
2,500,1615007891771746,2865101
2,500,1615007891788110,15068445
2,500,1615007891788241,14381517
2,500,1615007891805095,14293687
2,500,1615007891812873,152991
2,500,1615007891817899,155912
2,500,1615007891829185,16692454
2,500,1615007891833598,13461819
2,500,1615007891850229,16321097
2,500,1615007891856247,14068212
2,500,1615007891876213,159948
2,500,1615007891893454,150137
2,500,1615007891902483,152604
2,500,1615007891903760,15707994
2,500,1615007891905835,14325954
2,500,1615007891920288,15663198
2,500,1615007891927964,14345762
2,500,1615007891940727,15834555
2,500,1615007891942628,15660962
2,500,1615007891958722,13340532
2,500,1615007891960563,171958
2,500,1615007891960715,14239083
2,500,1615007891974017,15629065
2,500,1615007891980204,15598162
2,500,1615007891989228,15554980
2,500,1615007892013760,13587990
2,500,1615007892015254,14393495
2,500,1615007892039607,15303396
2,500,1615007892058342,210419
2,500,1615007892067258,204705
2,500,1615007892077309,16913020
2,500,1615007892080387,15947245
2,500,1615007892087192,13439243
2,500,1615007892087341,13571097
2,500,1615007892087460,213456
2,500,1615007892100725,202689
2,500,1615007892104615,15654274
2,500,1615007892112323,3171450
2,500,1615007892120896,207937
2,500,1615007892164747,14424002
2,500,1615007892176682,3168583
2,500,1615007892176998,13650672
2,500,1615007892206728,16061340
2,500,1615007892222331,14433441
2,500,1615007892225103,13451259
2,500,1615007892251360,17041793
2,500,1615007892293667,15805733
2,500,1615007892333605,14684879
2,500,1615007892334106,13772001
2,500,1615007892353421,13558865
2,500,1615007892353729,13511828
2,500,1615007892370563,13332283
2,500,1615007892383201,3304835
2,500,1615007892385563,16120909
2,500,1615007892391785,16804623
2,500,1615007892392420,367988
2,500,1615007892393367,13784433
2,500,1615007892404930,15660025
2,500,1615007892414899,15875372
2,500,1615007892426846,3285270
2,500,1615007892443230,3245908
2,500,1615007892443330,392324
2,500,1615007892468761,15892072
2,500,1615007892468834,14643905
2,500,1615007892500861,14622697
2,500,1615007892521034,17276401
2,500,1615007892527908,13432963
2,500,1615007892537626,411228
2,500,1615007892537915,3268180
2,500,1615007892564800,3203303
2,500,1615007892564965,17258759
2,500,1615007892566505,15932040
2,500,1615007892574693,16248272
2,500,1615007892590125,3142442
2,500,1615007892601510,13473416
2,500,1615007892614799,3115262
2,500,1615007892615085,14957676
2,500,1615007892626418,359889
2,500,1615007892637491,13504641
2,500,1615007892660777,3123414
2,500,1615007892670263,15895443
2,500,1615007892679659,3074755
2,500,1615007892686126,17316478
2,500,1615007892707316,17078743
2,500,1615007892707467,13942570
2,500,1615007892725734,353642
2,500,1615007892734326,3080178
2,500,1615007892740775,14801758
2,500,1615007892744747,14819985
2,500,1615007892755626,3047234
2,500,1615007892769205,336213
2,500,1615007892782656,3041646
2,500,1615007892814270,3027209
2,500,1615007892824473,13982139
2,500,1615007892829303,291148
2,500,1615007892829421,2991554
2,500,1615007892849596,2978899
2,500,1615007892854132,268004
2,500,1615007892858820,2929387
2,500,1615007892873010,2894013
2,500,1615007892873921,16513220
2,500,1615007892913529,14968761
2,500,1615007892913601,15254469
2,500,1615007892935124,2933743
2,500,1615007892937711,16565470
2,500,1615007892949202,2903398
2,500,1615007892963392,16504962
2,500,1615007892980653,16466323
2,500,1615007892997078,290194
2,500,1615007893000461,16453055
2,500,1615007893015353,16464725
2,500,1615007893019959,2937529
2,500,1615007893025767,13762714
2,500,1615007893041585,17376888
2,500,1615007893041923,2702903
2,500,1615007893077549,16499461
2,500,1615007893089272,16247484
2,500,1615007893098857,299393
2,500,1615007893101207,14226555
2,500,1615007893110145,295336
2,500,1615007893110237,293860
2,500,1615007893116876,2683706
2,500,1615007893123127,16464566
2,500,1615007893137665,15212528
2,500,1615007893168949,13879832
2,500,1615007893200986,15233543
2,500,1615007893201460,295141
2,500,1615007893201705,15501282
2,500,1615007893201797,2736927
2,500,1615007893201827,2707869
2,500,1615007893215427,204140
2,500,1615007893219653,16298964
2,500,1615007893253073,2720872
2,500,1615007893253293,2693154
2,500,1615007893253329,233858
2,500,1615007893298469,267147
2,500,1615007893298526,238912
2,500,1615007893305760,14412441
2,500,1615007893315189,17845095
2,500,1615007893319329,17627188
2,500,1615007893321178,16572908
2,500,1615007893338297,15348739
2,500,1615007893341257,14015860
2,500,1615007893341377,16752251
2,500,1615007893354606,294021
2,500,1615007893359047,15384927
2,500,1615007893359476,15363347
2,500,1615007893360840,16352096
2,500,1615007893360908,17833178
2,500,1615007893361952,14462979
2,500,1615007893370957,308455
2,500,1615007893434179,2856207
2,500,1615007893434456,2845465
2,500,1615007893434523,15430772
2,500,1615007893454031,200291
2,500,1615007893470225,2692158
2,500,1615007893477634,2687415
2,500,1615007893504444,15488151
2,500,1615007893515234,15489214
2,500,1615007893515690,210194
2,500,1615007893523624,16494537
2,500,1615007893527190,16354070
2,500,1615007893540490,14186406
2,500,1615007893547176,17821130
2,500,1615007893567440,14637288
2,500,1615007893581314,18014845
2,500,1615007893581616,222581
2,500,1615007893591257,16365430
2,500,1615007893605187,17848222
2,500,1615007893640305,16253454
2,500,1615007893652879,17056401
2,500,1615007893657127,17690468
2,500,1615007893675810,15666963
2,500,1615007893680070,16217926
2,500,1615007893686924,17706669
2,500,1615007893703456,15681660
2,500,1615007893703978,16629966
2,500,1615007893704112,15677689
2,500,1615007893706496,2722370
2,500,1615007893714044,2728148
2,500,1615007893715201,2684017
2,500,1615007893732975,2669518
2,500,1615007893734824,2631374
2,500,1615007893743827,2562626
2,500,1615007893751003,2360059
2,500,1615007893751253,353135
2,500,1615007893773887,325985
2,500,1615007893784902,234694
2,500,1615007893800781,188303
2,500,1615007893819639,18192064
2,500,1615007893831576,212346
2,500,1615007893832020,2422968
2,500,1615007893865554,16381655
2,500,1615007893865829,188567
2,500,1615007893875238,2441644
2,500,1615007893902413,14908335
2,500,1615007893912441,16832611
2,500,1615007893913982,14539794
2,500,1615007893914068,123079
2,500,1615007893923934,2364981
2,500,1615007893942925,15772926
2,500,1615007893951219,15888522
2,500,1615007893953024,96684
2,500,1615007893964366,15930450
2,500,1615007893977592,2348003
2,500,1615007893989491,22784
2,500,1615007893989607,2085440
2,500,1615007894034938,18024071
2,500,1615007894035062,2101834
2,500,1615007894035167,17438484
2,500,1615007894037435,18378051
2,500,1615007894064034,21567
2,500,1615007894074224,27163
2,500,1615007894103021,16979671
2,500,1615007894107596,15100034
2,500,1615007894119531,14743964
2,500,1615007894125165,16622303
2,500,1615007894126516,51939
2,500,1615007894146492,15976123
2,500,1615007894150046,15703286
2,500,1615007894165513,2064807
2,500,1615007894175549,16102387
2,500,1615007894243290,107315
2,500,1615007894305379,17708426
2,500,1615007894305768,2154629
2,500,1615007894328136,15218744
2,500,1615007894330671,18274500
2,500,1615007894334573,183925
2,500,1615007894345790,16123495
2,500,1615007894347082,17159391
2,500,1615007894361213,14983636
2,500,1615007894364267,2192735
2,500,1615007894381998,180396
2,500,1615007894390651,2127364
2,500,1615007894390803,18703573
2,500,1615007894394912,16609566
2,500,1615007894402056,2110854
2,500,1615007894421413,15914731
2,500,1615007894422253,16304832
2,500,1615007894426959,223289
2,500,1615007894434478,15269384
2,500,1615007894454207,2121797
2,500,1615007894454245,17242427
2,500,1615007894467521,15077855
2,500,1615007894481220,170584
2,500,1615007894496179,2145143
2,500,1615007894502424,14916874
2,500,1615007894521464,2136294
2,500,1615007894523700,14811128
2,500,1615007894541096,14721673
2,500,1615007894556045,16248093
2,500,1615007894557914,2164610
2,500,1615007894563585,14730989
2,500,1615007894585919,2114892
2,500,1615007894594375,14756686
2,500,1615007894594488,2093646
2,500,1615007894622747,14784168
2,500,1615007894634973,14775774
2,500,1615007894642908,14648343
2,500,1615007894659454,14601305
2,500,1615007894675654,14598770
2,500,1615007894686031,14559127
2,500,1615007894693759,18636871
2,500,1615007894697714,14499403
2,500,1615007894742198,14540956
2,500,1615007894750659,14530321
2,500,1615007894750722,14528760
2,500,1615007894750799,14490472
2,500,1615007894750860,426571
2,500,1615007894750921,16629968
2,500,1615007894750993,2238253
2,500,1615007894764110,14490926
2,500,1615007894779369,14495038
2,500,1615007894787601,14457801
2,500,1615007894787791,2268527
2,500,1615007894791225,15608169
2,500,1615007894793851,14439927
2,500,1615007894814477,14450781
2,500,1615007894814537,14413197
2,500,1615007894822715,14172483
2,500,1615007894822910,18042596
2,500,1615007894834672,353092
2,500,1615007894853849,17620246
2,500,1615007894857507,16423773
2,500,1615007894861280,19144563
2,500,1615007894862662,230181
2,500,1615007894924377,17123162
2,500,1615007894924590,226489
2,500,1615007894931889,2409857
2,500,1615007894932991,2410810
2,500,1615007894933082,16750123
2,500,1615007894985504,14240869
2,500,1615007894985666,2418482
2,500,1615007895006825,2407907
2,500,1615007895006976,17724043
2,500,1615007895013708,290821
2,500,1615007895023923,16488495
2,500,1615007895032461,115702
2,500,1615007895070499,15841745
2,500,1615007895077963,18981471
2,500,1615007895106595,172981
2,500,1615007895113246,18284215
2,500,1615007895124565,2509235
2,500,1615007895125855,16680569
2,500,1615007895135543,2492538
2,500,1615007895141314,2417249
2,500,1615007895156848,16881619
2,500,1615007895208256,16500451
2,500,1615007895210599,2469842
2,500,1615007895222899,2383311
2,500,1615007895226497,17336998
2,500,1615007895226999,255150
2,500,1615007895227175,19480594
2,500,1615007895234203,17918838
2,500,1615007895260972,16558606
2,500,1615007895268482,2286880
2,500,1615007895281570,14469090
2,500,1615007895281796,294851
2,500,1615007895293263,2277494
2,500,1615007895311927,16039751
2,500,1615007895359596,323519
2,500,1615007895366850,19270022
2,500,1615007895382904,16980955
2,500,1615007895382970,2314297
2,500,1615007895383072,17486756
2,500,1615007895383111,323540
2,500,1615007895383200,18495337
2,500,1615007895399192,14549449
2,500,1615007895399384,16662983
2,500,1615007895405643,2325434
2,500,1615007895413671,313690
2,500,1615007895419004,2097850
2,500,1615007895434463,16080159
2,500,1615007895434552,297171
2,500,1615007895458264,316968
2,500,1615007895459680,17485067
2,500,1615007895473644,2135356
2,500,1615007895475472,14625032
2,500,1615007895496760,18576460
2,500,1615007895503686,16091478
2,500,1615007895519448,2108683
2,500,1615007895524517,71025
2,500,1615007895535673,70378
2,500,1615007895544568,17561395
2,500,1615007895546169,16130459
2,500,1615007895549688,14688199
2,500,1615007895581712,18530013
2,500,1615007895586265,14352192
2,500,1615007895586352,18200893
2,500,1615007895592648,16863907
2,500,1615007895594036,18519601
2,500,1615007895635644,14377354
2,500,1615007895635959,19851409
2,500,1615007895636220,73217
2,500,1615007895636829,18556760
2,500,1615007895637082,16888549
2,500,1615007895656195,18516836
2,500,1615007895656300,14394796
2,500,1615007895656571,2237757
2,500,1615007895666227,2065097
2,500,1615007895677195,14378644
2,500,1615007895686531,17021599
2,500,1615007895686931,18499637
2,500,1615007895714868,19566442
2,500,1615007895733043,14338492
2,500,1615007895733110,14302329
2,500,1615007895742858,104604
2,500,1615007895746332,2129862
2,500,1615007895788981,18419182
2,500,1615007895789256,18399355
2,500,1615007895789322,18305006
2,500,1615007895799591,2182793
2,500,1615007895799886,2146782
2,500,1615007895830906,14289222
2,500,1615007895831020,14173759
2,500,1615007895831053,14165328
2,500,1615007895831769,88612
2,500,1615007895832625,44122
2,500,1615007895858673,17116098
2,500,1615007895869838,16428222
2,500,1615007895895820,18441481
2,500,1615007895896276,18280956
2,500,1615007895896656,17138663
2,500,1615007895898150,2229383
2,500,1615007895924144,87588
2,500,1615007895938909,70246
2,500,1615007895941944,17957978
2,500,1615007895969319,17275970
2,500,1615007896008401,17222206
2,500,1615007896008840,2291995
2,500,1615007896009032,2283928
2,500,1615007896009810,14339072
2,500,1615007896011857,71992
2,500,1615007896014036,46064
2,500,1615007896019329,20173396
2,500,1615007896019945,16412055
2,500,1615007896021799,18470278
2,500,1615007896048765,2238879
2,500,1615007896049812,30491
2,500,1615007896092124,19929089
2,500,1615007896092677,18047572
2,500,1615007896093136,17374589
2,500,1615007896094146,17258198
2,500,1615007896112088,2259852
2,500,1615007896113060,2215847
2,500,1615007896113961,68209
2,500,1615007896139930,18444855
2,500,1615007896180288,17421938
2,500,1615007896181524,2228518
2,500,1615007896182073,14470286
2,500,1615007896182614,131959
2,500,1615007896210862,70946
2,500,1615007896218228,17465078
2,500,1615007896245826,18624564
2,500,1615007896246677,16482576
2,500,1615007896274265,20380618
2,500,1615007896283162,17384701
2,500,1615007896284794,2319060
2,500,1615007896285999,69178
2,500,1615007896396875,2406994
2,500,1615007896405432,118691
2,500,1615007896406563,18225287
2,500,1615007896448697,17607182
2,500,1615007896459299,17481733
2,500,1615007896463170,18692025
2,500,1615007896464113,18651727
2,500,1615007896466322,16638612
2,500,1615007896467958,16555551
2,500,1615007896474419,17464511
2,500,1615007896483754,17438702
2,500,1615007896484060,2347490
2,500,1615007896485099,79154
2,500,1615007896485351,18707708
2,500,1615007896503504,20336299
2,500,1615007896504370,17724551
2,500,1615007896513257,17608190
2,500,1615007896514176,17568860
2,500,1615007896541436,17490759
2,500,1615007896547710,18655794
2,500,1615007896555426,16577858
2,500,1615007896555720,16569956
2,500,1615007896556463,17488289
2,500,1615007896557372,14580687
2,500,1615007896601620,2327571
2,500,1615007896634589,149247
2,500,1615007896672121,16685841
2,500,1615007896687254,16585958
2,500,1615007896687333,16375536
2,500,1615007896687461,16231470
2,500,1615007896687497,16231051
2,500,1615007896687557,16211848
2,500,1615007896687584,16167768
2,500,1615007896687668,16124935
2,500,1615007896687698,16123054
2,500,1615007896689447,2382142
2,500,1615007896707592,189405
2,500,1615007896707918,149500
2,500,1615007896717071,17742216
2,500,1615007896718152,18809628
2,500,1615007896742581,16153097
2,500,1615007896743053,16109720
2,500,1615007896748127,16005410
2,500,1615007896748242,15852259
2,500,1615007896748384,15736445
2,500,1615007896748550,15699924
2,500,1615007896752195,2424095
2,500,1615007896781133,17710088
2,500,1615007896808255,2453698
2,500,1615007896810497,18540055
2,500,1615007896834264,15684926
2,500,1615007896834594,15556404
2,500,1615007896859208,15495071
2,500,1615007896859316,15452606
2,500,1615007896863337,15456042
2,500,1615007896863436,15453802
2,500,1615007896882756,245460
2,500,1615007896916451,17747007
2,500,1615007896917028,2518278
2,500,1615007896934903,2460046
2,500,1615007896939760,224212
2,500,1615007896940075,130221
2,500,1615007896947249,18647264
2,500,1615007896980299,17989012
2,500,1615007896993572,19079184
2,500,1615007897000397,15584644
2,500,1615007897000872,21087748
2,500,1615007897001480,17700261
2,500,1615007897001870,2506648
2,500,1615007897001963,2468498
2,500,1615007897002383,14973572
2,500,1615007897002812,111533
2,500,1615007897031091,19197314
2,500,1615007897034214,20864631
2,500,1615007897053151,2496819
2,500,1615007897101256,2544631
2,500,1615007897103489,159033
2,500,1615007897103790,19227112
2,500,1615007897108709,18063206
2,500,1615007897129477,2429981
2,500,1615007897140961,15106692
2,500,1615007897160197,19117587
2,500,1615007897169288,20965034
2,500,1615007897236005,17896966
2,500,1615007897243171,2516884
2,500,1615007897244116,15200726
2,500,1615007897278142,18206754
2,500,1615007897305596,274516
2,500,1615007897328626,2472370
2,500,1615007897329079,2442109
2,500,1615007897347786,21105731
2,500,1615007897373513,319391
2,500,1615007897373742,137815
2,500,1615007897385395,2457315
2,500,1615007897395442,2427059
2,500,1615007897397034,19448596
2,500,1615007897462374,16032026
2,500,1615007897479815,158035
2,500,1615007897479969,95049
2,500,1615007897484795,21544297
2,500,1615007897487247,2389662
2,500,1615007897487398,2389583
2,500,1615007897492361,19185343
2,500,1615007897492807,18440074
2,500,1615007897493355,19437283
2,500,1615007897543483,2432479
2,500,1615007897554106,18425571
2,500,1615007897576412,2391588
2,500,1615007897620572,18278443
2,500,1615007897631454,21377770
2,500,1615007897635153,15555799
2,500,1615007897674988,250967
2,500,1615007897675267,190483
2,500,1615007897717361,19569730
2,500,1615007897743487,18263602
2,500,1615007897744630,19722386
2,500,1615007897745398,18661946
2,500,1615007897758387,2558748
2,500,1615007897765369,2519730
2,500,1615007897767470,18544252
2,500,1615007897768333,16284162
2,500,1615007897789873,2521411
2,500,1615007897794950,2512671
2,500,1615007897795322,2464352
2,500,1615007897801810,2470419
2,500,1615007897803544,309129
2,500,1615007897839465,21886906
2,500,1615007897846982,2433891
2,500,1615007897849547,2405205
2,500,1615007897849773,2281780
2,500,1615007897849811,2268120
2,500,1615007897870374,18746345
2,500,1615007897871904,19170352
2,500,1615007897872282,329173
2,500,1615007897895032,2228141
2,500,1615007897899212,19673168
2,500,1615007897928841,354757
2,500,1615007897942101,19919418
2,500,1615007897965161,18397144
2,500,1615007897974835,22002361
2,500,1615007897985980,2271143
2,500,1615007897987311,15797736
2,500,1615007898033586,22047600
2,500,1615007898057657,2324630
2,500,1615007898057818,16519938
2,500,1615007898090244,22099403
2,500,1615007898090371,496421
2,500,1615007898129117,22136816
2,500,1615007898151536,21744274
2,500,1615007898167491,2299694
2,500,1615007898227512,22234336
2,500,1615007898227645,22234158
2,500,1615007898227852,18882145
2,500,1615007898259618,22265006
2,500,1615007898276095,2352484
2,500,1615007898276500,2309324
2,500,1615007898276806,2267008
2,500,1615007898276945,2254372
2,500,1615007898288719,2239423
2,500,1615007898288883,674239
2,500,1615007898300896,2187436
2,500,1615007898301035,2118972
2,500,1615007898301538,22271055
2,500,1615007898302466,19155399
2,500,1615007898303703,19575240
2,500,1615007898310543,2024868
2,500,1615007898310706,1906356
2,500,1615007898320023,20070951
2,500,1615007898337691,1853071
2,500,1615007898376921,18798533
2,500,1615007898377092,719207
2,500,1615007898408267,1891232
2,500,1615007898437370,16187767
2,500,1615007898467184,1909823
2,500,1615007898467253,22017570
2,500,1615007898467942,16898240
2,500,1615007898469019,793376
2,500,1615007898469358,20178224
2,500,1615007898470859,19301804
2,500,1615007898489731,1887505
2,500,1615007898559255,18948674
2,500,1615007898561148,20505526
2,500,1615007898561291,1854286
2,500,1615007898561679,1808994
2,500,1615007898561901,844558
2,500,1615007898588109,1779408
2,500,1615007898591745,823421
2,500,1615007898616263,1733930
2,500,1615007898616688,19874541
2,500,1615007898626357,17023741
2,500,1615007898626880,22448901
2,500,1615007898645068,19239860
2,500,1615007898669879,20377914
2,500,1615007898691660,887557
2,500,1615007898715613,1776364
2,500,1615007898715956,22406941
2,500,1615007898743014,16444404
2,500,1615007898771645,1769271
2,500,1615007898792651,22464223
2,500,1615007898854903,1004124
2,500,1615007898893680,1840162
2,500,1615007898941810,20878790
2,500,1615007898941944,19725053
2,500,1615007898986373,22499225
2,500,1615007898986541,1883397
2,500,1615007898986820,20908240
2,500,1615007899029870,1888917
2,500,1615007899031194,1862756
2,500,1615007899031394,1158594
2,500,1615007899031555,19620955
2,500,1615007899051526,17310703
2,500,1615007899052071,22722009
2,500,1615007899052375,19424659
2,500,1615007899093120,1849015
2,500,1615007899093269,1747017
2,500,1615007899093398,1194661
2,500,1615007899093547,20712383
2,500,1615007899122372,1726321
2,500,1615007899122484,20868453
2,500,1615007899122683,19821089
2,500,1615007899139787,20383656
2,500,1615007899168077,19329931
2,500,1615007899168633,16841447
2,500,1615007899186360,1247212
2,500,1615007899186843,20637199
2,500,1615007899216929,17467231
2,500,1615007899217058,1160614
2,500,1615007899217094,19840166
2,500,1615007899217170,19750131
2,500,1615007899240931,19383046
2,500,1615007899241089,1164474
2,500,1615007899244408,20902378
2,500,1615007899266877,22738320
2,500,1615007899281063,1840350
2,500,1615007899281397,20506262
2,500,1615007899302093,1810819
2,500,1615007899302374,22967586
2,500,1615007899322950,1207392
2,500,1615007899323143,1190911
2,500,1615007899345320,22962232
2,500,1615007899357588,17025863
2,500,1615007899361389,1117879
2,500,1615007899361486,20705662
2,500,1615007899374109,19957036
2,500,1615007899402333,22944739
2,500,1615007899406843,17653377
2,500,1615007899475145,19796512
2,500,1615007899479246,22988741
2,500,1615007899483043,19595799
2,500,1615007899483091,21021713
2,500,1615007899515436,1255403
2,500,1615007899539477,2016572
2,500,1615007899541333,1280989
2,500,1615007899566953,1239129
2,500,1615007899654348,1178064
2,500,1615007899660805,20824209
2,500,1615007899661604,19949802
2,500,1615007899671482,2118509
2,500,1615007899684887,20260605
2,500,1615007899694659,19726219
2,500,1615007899694817,21190846
2,500,1615007899708003,17869068
2,500,1615007899708138,20886627
2,500,1615007899708994,2126943
2,500,1615007899715338,1060446
2,500,1615007899715580,2112027
2,500,1615007899722152,2095763
2,500,1615007899722524,23110753
2,500,1615007899794126,2151617
2,500,1615007899795170,2147987
2,500,1615007899795287,2143228
2,500,1615007899795454,20029072
2,500,1615007899801473,20920476
2,500,1615007899801642,2148254
2,500,1615007899801720,2144995
2,500,1615007899801996,972571
2,500,1615007899803863,21273545
2,500,1615007899828791,2170162
2,500,1615007899829145,995628
2,500,1615007899829250,19940237
2,500,1615007899834438,23293472
2,500,1615007899867323,17529424
2,500,1615007899889014,21351203
2,500,1615007899889306,20996279
2,500,1615007899915256,20006409
2,500,1615007899924502,20333537
2,500,1615007899934829,2275301
2,500,1615007899966094,21132411
2,500,1615007900005199,18156195
2,500,1615007900005313,1022557
2,500,1615007900005664,2332425
2,500,1615007900015147,2299056
2,500,1615007900015336,2247876
2,500,1615007900072085,20141862
2,500,1615007900073006,1085535
2,500,1615007900073191,21476341
2,500,1615007900128877,2325346
2,500,1615007900161047,2310916
2,500,1615007900187723,2315449
2,500,1615007900207911,20238930
2,500,1615007900215486,23558960
2,500,1615007900222393,21309223
2,500,1615007900251262,2354543
2,500,1615007900251505,17712130
2,500,1615007900251801,1215467
2,500,1615007900310723,23760503
2,500,1615007900310811,1265575
2,500,1615007900310914,1182321
2,500,1615007900312273,1115983
2,500,1615007900312381,1052295
2,500,1615007900312817,853270
2,500,1615007900314110,21409477
2,500,1615007900314370,20674949
2,500,1615007900331129,18150761
2,500,1615007900353401,892966
2,500,1615007900374015,2445182
2,500,1615007900390400,2408603
2,500,1615007900425053,2408643
2,500,1615007900507516,20534443
2,500,1615007900508315,1022949
2,500,1615007900548763,18327673
2,500,1615007900548869,18149966
2,500,1615007900550345,20599433
2,500,1615007900570981,20891020
2,500,1615007900628030,1036731
2,500,1615007900643127,18243630
2,500,1615007900643420,18193628
2,500,1615007900643731,18164987
2,500,1615007900649047,18015825
2,500,1615007900650543,21633165
2,500,1615007900669551,22071357
2,500,1615007900700936,18189856
2,500,1615007900702436,21772762
2,500,1615007900764018,1143432
2,500,1615007900764520,18247209
2,500,1615007900764831,18212677
2,500,1615007900780772,24103180
2,500,1615007900867657,18167007
2,500,1615007900873453,18095011
2,500,1615007900874550,21107637
2,500,1615007900876446,20824939
2,500,1615007900888680,2854690
2,500,1615007900895625,2783612
2,500,1615007900897820,18115756
2,500,1615007900898303,24320593
2,500,1615007900926253,1265565
2,500,1615007900926556,1218722
2,500,1615007900927152,18182230
2,500,1615007900933706,18042205
2,500,1615007900958825,18067075
2,500,1615007900959093,17997112
2,500,1615007901020477,2733562
2,500,1615007901020854,2733518
2,500,1615007901037080,2698448
2,500,1615007901037842,17985842
2,500,1615007901038704,17970810
2,500,1615007901043516,17974685
2,500,1615007901043643,17830814
2,500,1615007901050031,21082010
2,500,1615007901063853,1353048
2,500,1615007901065232,20996634
2,500,1615007901080919,22463116
2,500,1615007901090183,22065964
2,500,1615007901090660,21966319
2,500,1615007901097041,21798429
2,500,1615007901097724,21722474
2,500,1615007901098948,21309052
2,500,1615007901101334,1095183
2,500,1615007901111794,2754684
2,500,1615007901113510,17798596
2,500,1615007901134703,24423522
2,500,1615007901136002,2714873
2,500,1615007901137260,2715695
2,500,1615007901156007,21163544
2,500,1615007901156490,1064840
2,500,1615007901156769,1064376
2,500,1615007901157045,18411812
2,500,1615007901157506,21081311
2,500,1615007901228414,2733709
2,500,1615007901228672,2730286
2,500,1615007901229100,24578024
2,500,1615007901254137,21443103
2,500,1615007901259527,951931
2,500,1615007901265299,898411
2,500,1615007901266586,2723827
2,500,1615007901269297,22066057
2,500,1615007901278717,22640138
2,500,1615007901287606,17888151
2,500,1615007901287825,21697432
2,500,1615007901300474,894826
2,500,1615007901325552,21051473
2,500,1615007901325650,21435201
2,500,1615007901329585,894299
2,500,1615007901340504,2709783
2,500,1615007901347134,2715621
2,500,1615007901347818,21959717
2,500,1615007901349450,17949137
2,500,1615007901350949,21191628
2,500,1615007901352655,803905
2,500,1615007901404490,22739153
2,500,1615007901414597,21103220
2,500,1615007901422196,18589333
2,500,1615007901446025,24424675
2,500,1615007901485914,24680399
2,500,1615007901528788,18658654
2,500,1615007901542930,21173421
2,500,1615007901545316,942370
2,500,1615007901545902,21637508
2,500,1615007901597661,954547
2,500,1615007901611734,18196122
2,500,1615007901648237,22045436
2,500,1615007901671256,22250087
2,500,1615007901676040,21478168
2,500,1615007901741727,22969461
2,500,1615007901750981,1081710
2,500,1615007901757366,24736220
2,500,1615007901779365,22124551
2,500,1615007901792447,18805206
2,500,1615007901801247,21426617
2,500,1615007901808025,1107103
2,500,1615007901819088,18315986
2,500,1615007901822893,24758541
2,500,1615007901849581,1085068
2,500,1615007901884903,21923059
2,500,1615007901895349,3263443
2,500,1615007901895547,3250493
2,500,1615007901896412,22444623
2,500,1615007901896510,21408754
2,500,1615007901896554,24784243
2,500,1615007901909152,18372422
2,500,1615007901909298,1094206
2,500,1615007901966313,18956094
2,500,1615007901970518,23185455
2,500,1615007901988055,1169856
2,500,1615007902009975,21624550
2,500,1615007902018718,22350998
2,500,1615007902024614,24932738
2,500,1615007902024741,1148619
2,500,1615007902034387,3360607
2,500,1615007902067569,18471071
2,500,1615007902071615,3203039
2,500,1615007902075136,24933294
2,500,1615007902090303,1163466
2,500,1615007902104386,3207294
2,500,1615007902153558,3159918
2,500,1615007902156997,21507185
2,500,1615007902165838,22634845
2,500,1615007902167175,22157100
2,500,1615007902195327,2992541
2,500,1615007902213010,2978065
2,500,1615007902213200,2753122
2,500,1615007902213318,1193917
2,500,1615007902221029,1156593
2,500,1615007902252501,1141295
2,500,1615007902255089,2660431
2,500,1615007902274526,21705476
2,500,1615007902275731,22488090
2,500,1615007902291348,18561946
2,500,1615007902296621,2643005
2,500,1615007902306190,2631509
2,500,1615007902312352,2622044
2,500,1615007902349043,18570886
2,500,1615007902353169,1229165
2,500,1615007902367551,2657705
2,500,1615007902375859,2664573
2,500,1615007902458595,18587323
2,500,1615007902470811,2754812
2,500,1615007902471237,23665775
2,500,1615007902476285,1319256
2,500,1615007902561937,2843790
2,500,1615007902635808,19405193
2,500,1615007902696288,1501939
2,500,1615007902698039,2975561
2,500,1615007902815482,3081482
2,500,1615007902815652,22226632
2,500,1615007902833499,2961547
2,500,1615007902842485,25663634
2,500,1615007902865834,2901242
2,500,1615007902865950,2896360
2,500,1615007902886509,2902150
2,500,1615007902942660,1676685
2,500,1615007902969409,22309552
2,500,1615007902969578,23397822
2,500,1615007902969723,22375078
2,500,1615007902969863,22936582
2,500,1615007903005705,22354969
2,500,1615007903045270,22382219
2,500,1615007903089288,25865946
2,500,1615007903096219,24259919
2,500,1615007903123034,3070258
2,500,1615007903124081,23333839
2,500,1615007903141429,3026208
2,500,1615007903198724,1897719
2,500,1615007903232888,19120601
2,500,1615007903233957,3081607
2,500,1615007903287542,1947430
2,500,1615007903302167,3091184
2,500,1615007903374629,20090587
2,500,1615007903376476,2015951
2,500,1615007903386316,22717423
2,500,1615007903415728,2033019
2,500,1615007903416899,26175070
2,500,1615007903426543,23846727
2,500,1615007903458539,23380729
2,500,1615007903458819,22738710
2,500,1615007903488334,24607011
2,500,1615007903489074,19317828
2,500,1615007903572222,3229289
2,500,1615007903590995,23703386
2,500,1615007903609268,3242820
2,500,1615007903644352,26407988
2,500,1615007903644645,3241532
2,500,1615007903655873,2233686
2,500,1615007903667856,24050599
2,500,1615007903669134,22763647
2,500,1615007903669894,23500928
2,500,1615007903672068,2889476
2,500,1615007903674919,22951410
2,500,1615007903683402,2866281
2,500,1615007903726885,2859293
2,500,1615007903730101,22985963
2,500,1615007903733397,24059925
2,500,1615007903733526,23515864
2,500,1615007903782112,2313771
2,500,1615007903800800,20512559
2,500,1615007903802876,23417180
2,500,1615007903806726,2908914
2,500,1615007903807738,23049447
2,500,1615007903808260,23881708
2,500,1615007903824538,23413322
2,500,1615007903824679,23028522
2,500,1615007903827081,23832838
2,500,1615007903871053,2937361
2,500,1615007903872968,23012076
2,500,1615007903873768,23728116
2,500,1615007903891157,23465619
2,500,1615007903920995,2883196
2,500,1615007903922862,23032182
2,500,1615007903922977,23772461
2,500,1615007903923208,23364840
2,500,1615007903951064,23013338
2,500,1615007903951211,23783998
2,500,1615007903951709,23358396
2,500,1615007903954883,2873978
2,500,1615007903978923,22884235
2,500,1615007903982205,23792860
2,500,1615007903999303,23366416
2,500,1615007904039508,23393787
2,500,1615007904041899,23791681
2,500,1615007904042106,22865917
2,500,1615007904070815,2958586
2,500,1615007904074797,22786861
2,500,1615007904075734,23401417
2,500,1615007904077081,23797774
2,500,1615007904124879,23442209
2,500,1615007904125418,23805420
2,500,1615007904144660,2648403
2,500,1615007904144780,22801265
2,500,1615007904163193,23379918
2,500,1615007904165394,23822881
2,500,1615007904187366,22811117
2,500,1615007904190977,3053343
2,500,1615007904203621,23076630
2,500,1615007904204187,23742467
2,500,1615007904224236,22832651
2,500,1615007904246379,23080999
2,500,1615007904250713,23656952
2,500,1615007904281147,22854171
2,500,1615007904289677,23075094
2,500,1615007904292517,23605218
2,500,1615007904293536,3122817
2,500,1615007904307972,25415149
2,500,1615007904314982,22815054
2,500,1615007904334143,23113036
2,500,1615007904334435,23562967
2,500,1615007904349511,22755692
2,500,1615007904358932,20147573
2,500,1615007904363682,23076986
2,500,1615007904363868,23501285
2,500,1615007904388243,22752589
2,500,1615007904394110,2848234
2,500,1615007904406946,27117173
2,500,1615007904415040,23101807
2,500,1615007904415697,23540452
2,500,1615007904415805,3186712
2,500,1615007904432540,23498397
2,500,1615007904433390,22721189
2,500,1615007904453342,23118777
2,500,1615007904453901,23548908
2,500,1615007904477835,22736660
2,500,1615007904494538,23150528
2,500,1615007904496057,3226768
2,500,1615007904496243,23387996
2,500,1615007904523754,22713120
2,500,1615007904537437,23302909
2,500,1615007904537532,22956396
2,500,1615007904565894,22692135
2,500,1615007904575646,3273779
2,500,1615007904580902,2825257
2,500,1615007904589675,24592242
2,500,1615007904592522,22998267
2,500,1615007904593462,23228807
2,500,1615007904619821,22698036
2,500,1615007904644891,23261221
2,500,1615007904645253,22914490
2,500,1615007904668365,2845491
2,500,1615007904686721,22757649
2,500,1615007904709638,23167662
2,500,1615007904709801,22923949
2,500,1615007904753370,21425643
2,500,1615007904753468,2995696
2,500,1615007904778609,20526104
2,500,1615007904783947,22840836
2,500,1615007904784393,2950216
2,500,1615007904979488,23033268
2,500,1615007904987232,3076139
2,500,1615007904987546,3039090
2,500,1615007904987893,23406430
2,500,1615007904988417,3169339
2,500,1615007905014605,23043920
2,500,1615007905156698,27874084
2,500,1615007905195174,23209799
2,500,1615007905199528,23179791
2,500,1615007905202346,3235563
2,500,1615007905202526,3210184
2,500,1615007905203688,23569020
2,500,1615007905204029,23480098
2,500,1615007905207746,3354500
2,500,1615007905208134,26303870
2,500,1615007905215890,23239782
2,500,1615007905219307,23221292
2,500,1615007905225680,24291320
2,500,1615007905246014,27900978
2,500,1615007905279615,3209343
2,500,1615007905280003,23458503
2,500,1615007905307018,3445599
2,500,1615007905307279,23167795
2,500,1615007905346987,3255814
2,500,1615007905347339,23260128
2,500,1615007905351154,25251067
2,500,1615007905353416,23431041
2,500,1615007905377946,21098106
2,500,1615007905381652,22015844
2,500,1615007905387782,23187111
2,500,1615007905411228,23219094
2,500,1615007905414162,3528949
2,500,1615007905423412,3329453
2,500,1615007905487141,3302244
2,500,1615007905514674,3256419
2,500,1615007905554067,3291382
2,500,1615007905564821,3530459
2,500,1615007905607904,3329368
2,500,1615007905644209,23356498
2,500,1615007905649070,23663122
2,500,1615007905661431,3327197
2,500,1615007905668223,3609716
2,500,1615007905681118,24727948
2,500,1615007905707149,26760082
2,500,1615007905738731,3397762
2,500,1615007905777717,22334682
2,500,1615007905790686,3699831
2,500,1615007905804446,3422050
2,500,1615007905807741,25550172
2,500,1615007905840092,21538026
2,500,1615007905843685,28555378
2,500,1615007905859199,23655927
2,500,1615007905869020,3462567
2,500,1615007905885475,3599881
2,500,1615007905926615,3479638
2,500,1615007905955373,28540633
2,500,1615007905971734,24910077
2,500,1615007905975514,23513806
2,500,1615007905981750,23988079
2,500,1615007905982984,3519188
2,500,1615007906002257,3703749
2,500,1615007906035327,3494564
2,500,1615007906117087,3535417
2,500,1615007906179632,27119791
2,500,1615007906199980,21660442
2,500,1615007906202993,3902922
2,500,1615007906203883,23966386
2,500,1615007906221742,3517435
2,500,1615007906272008,26001785
2,500,1615007906301062,22857707
2,500,1615007906331033,3570226
2,500,1615007906331603,3256483
2,500,1615007906336308,3968767
2,500,1615007906417611,3317447
2,500,1615007906418221,29088291
2,500,1615007906430485,23803240
2,500,1615007906430902,3284841
2,500,1615007906431498,28995474
2,500,1615007906474300,3246942
2,500,1615007906483937,25393864
2,500,1615007906501850,27172123
2,500,1615007906501928,4094936
2,500,1615007906507909,2971184
2,500,1615007906508264,24486619
2,500,1615007906547749,2985809
2,500,1615007906592180,3018804
2,500,1615007906612299,22013188
2,500,1615007906642856,27266206
2,500,1615007906661964,26291935
2,500,1615007906666869,4253957
2,500,1615007906669824,3078845
2,500,1615007906681750,24407392
2,500,1615007906704269,27251354
2,500,1615007906764441,27279289
2,500,1615007906796203,3138941
2,500,1615007906820233,27291710
2,500,1615007906881726,27328536
2,500,1615007906899561,4457357
2,500,1615007906904289,23367162
2,500,1615007906905306,3233915
2,500,1615007906947638,27266666
2,500,1615007907012794,27247028
2,500,1615007907044493,24305087
2,500,1615007907057753,25033654
2,500,1615007907093294,3351267
2,500,1615007907148809,3341084
2,500,1615007907149966,24796826
2,500,1615007907168133,4632914
2,500,1615007907181754,3310240
2,500,1615007907189374,22580938
2,500,1615007907215791,25156958
2,500,1615007907218103,24369923
2,500,1615007907224290,24822310
2,500,1615007907247307,26156885
2,500,1615007907250538,24386003
2,500,1615007907252504,3377745
2,500,1615007907260279,27470752
2,500,1615007907264054,25177158
2,500,1615007907279398,24862273
2,500,1615007907296465,29783678
2,500,1615007907326641,4756597
2,500,1615007907347544,3454398
2,500,1615007907475696,24575617
2,500,1615007907804341,26490567
2,500,1615007907805070,26469575
2,500,1615007907805514,22979700
2,500,1615007907827838,25553293
2,500,1615007907829740,3905516
2,500,1615007907852819,3872397
2,500,1615007907853419,3780938
2,500,1615007907853643,3611502
2,500,1615007907854993,3603834
2,500,1615007907855615,3572419
2,500,1615007907855788,3571179
2,500,1615007907855902,3309758
2,500,1615007907856310,3303410
2,500,1615007907857640,3247106
2,500,1615007907879218,3188808
2,500,1615007907879397,3168082
2,500,1615007907899560,30506173
2,500,1615007907900725,27519833
2,500,1615007907906730,5316886
2,500,1615007907907188,5110507
2,500,1615007907910038,24240745
2,500,1615007907912154,25425711
2,500,1615007907922652,28110812
2,500,1615007907931381,3207642
2,500,1615007907971770,24918750
2,500,1615007907977095,3248067
2,500,1615007907994624,5167034
2,500,1615007908023494,25679582
2,500,1615007909443277,28105176
2,500,1615007909447527,28059691
2,500,1615007909447800,27983667
2,500,1615007909448247,27906861
2,500,1615007909448488,27824074
2,500,1615007909448600,27817658
2,500,1615007909448880,27785937
2,500,1615007909449019,27779753
2,500,1615007909449300,27459364
2,500,1615007909449852,27421867
2,500,1615007909452490,24570057
2,500,1615007909464383,24496947
2,500,1615007909464486,24485412
2,500,1615007909466963,24471882
2,500,1615007909467355,26399270
2,500,1615007909471058,26391133
2,500,1615007909474949,26373771
2,500,1615007909475459,29647287
2,500,1615007909475792,29605520
2,500,1615007909476231,27125159
2,500,1615007909476422,27122859
2,500,1615007909476586,27114960
2,500,1615007909477117,27068022
2,500,1615007909477946,31857023
2,500,1615007909487441,31731881
2,500,1615007909487595,31604115
2,500,1615007909492395,4607333
2,500,1615007909499242,4613479
2,500,1615007909500122,4512237
2,500,1615007909510922,4498401
2,500,1615007909511064,4440593
2,500,1615007909511312,4307653
2,500,1615007909512025,4268088
2,500,1615007909512203,4232209
2,500,1615007909512436,4204600
2,500,1615007909512545,4202549
2,500,1615007909512656,4165327
2,500,1615007909513636,32077111
2,500,1615007909520329,32065644
2,500,1615007909523481,29119334
2,500,1615007909524249,29089596
2,500,1615007909535747,29099737
2,500,1615007909539882,29085527
2,500,1615007909540322,6680493
2,500,1615007909540747,6650575
2,500,1615007909540815,6633541
2,500,1615007909540872,6545332
2,500,1615007909547105,6549072
2,500,1615007909550879,6473544
2,500,1615007909551231,6454300
2,500,1615007909551376,6416247
2,500,1615007909551483,6325737
2,500,1615007909551513,6293090
2,500,1615007909551569,6244031
2,500,1615007909551884,6046877
2,500,1615007909552626,25844373
2,500,1615007909552778,25835548
2,500,1615007909553065,25760562
2,500,1615007909553530,25736221
2,500,1615007909554680,27035364
2,500,1615007909555128,27005332
2,500,1615007909562054,26946914
2,500,1615007909562580,26914988
2,500,1615007909585407,26451095
2,500,1615007909622626,4269218
2,500,1615007909644960,32183952
2,500,1615007909652515,6113914
2,500,1615007909654274,27625902
2,500,1615007909673217,24532158
2,500,1615007909676796,29774210
2,500,1615007909713786,4347533
2,500,1615007909727989,27648086
2,500,1615007909741682,31825959
2,500,1615007909874795,27734875
2,500,1615007909875096,27677505
2,500,1615007909875199,27666090
2,500,1615007909878177,4494919
2,500,1615007909935835,6319163
2,500,1615007909937877,27654262
2,500,1615007909948346,27605846
2,500,1615007910025621,27647994
2,500,1615007910137909,27743532
2,500,1615007910147750,27730420
2,500,1615007910171947,4780496
2,500,1615007910176745,6498943
2,500,1615007910200360,27687834
2,500,1615007910206451,27055608
2,500,1615007910220415,27661521
2,500,1615007910267337,27554869
2,500,1615007910268681,27621646
2,500,1615007910294572,4896976
2,500,1615007910354050,25126320
2,500,1615007910377467,4975045
2,500,1615007910439638,29926891
2,500,1615007910444164,26594050
2,500,1615007910562648,5019001
2,500,1615007910600385,4998921
2,500,1615007910601529,6819469
2,500,1615007910627713,6540781
2,500,1615007910653021,27851040
2,500,1615007910667463,4935954
2,500,1615007910667974,4791438
2,500,1615007910669257,33130588
2,500,1615007910698567,32740827
2,500,1615007910740377,27546542
2,500,1615007910741408,28182041
2,500,1615007910742589,4799161
2,500,1615007910786294,28073227
2,500,1615007910795883,30846351
2,500,1615007910867899,6775192
2,500,1615007911261188,5310731
2,500,1615007911261383,5293670
2,500,1615007911261492,5226183
2,500,1615007911261580,5225463
2,500,1615007911261823,5217621
2,500,1615007911294023,6943820
2,500,1615007911295006,6911062
2,500,1615007911299219,6904712
2,500,1615007911299380,6775648
2,500,1615007911300540,28483334
2,500,1615007911300946,26042210
2,500,1615007911307405,28038484
2,500,1615007911308172,28705226
2,500,1615007911315075,33331818
2,500,1615007911317204,33243574
2,500,1615007911321157,33699613
2,500,1615007911321768,30768345
2,500,1615007911351524,27239772
2,500,1615007911355060,28508505
2,500,1615007911357810,5245810
2,500,1615007911376096,6742287
2,500,1615007911449567,5270931
2,500,1615007911520991,26251307
2,500,1615007911521462,28189126
2,500,1615007911554858,28889132
2,500,1615007911558279,5378660
2,500,1615007911558670,5336284
2,500,1615007911566967,5231898
2,500,1615007911571497,6914181
2,500,1615007911579730,28670557
2,500,1615007911581675,31594929
2,500,1615007911645248,5274028
2,500,1615007911700326,7031985
2,500,1615007911739323,5299327
2,500,1615007911770738,31121264
2,500,1615007911787213,27640760
2,500,1615007911788114,28960615
2,500,1615007911824788,5316071
2,500,1615007911919912,7205660
2,500,1615007911952644,5400286
2,500,1615007911966183,5392997
2,500,1615007911970670,33848288
2,500,1615007912036883,5315980
2,500,1615007912037135,5301517
2,500,1615007912092976,29396607
2,500,1615007912094593,7367397
2,500,1615007912156717,5361586
2,500,1615007912198799,29251179
2,500,1615007912199281,26861580
2,500,1615007912199992,28866398
2,500,1615007912200502,32122377
2,500,1615007912236563,34581516
2,500,1615007912243534,7480201
2,500,1615007912244005,28036181
2,500,1615007912244884,29307909
2,500,1615007912315207,5518602
2,500,1615007912315535,5496033
2,500,1615007912354359,5510254
2,500,1615007912487746,34359600
2,500,1615007912488268,5367572
2,500,1615007912489625,7603248
2,500,1615007912523686,29515721
2,500,1615007912526477,5377196
2,500,1615007912593563,28341738
2,500,1615007912604466,27256963
2,500,1615007912627766,29899299
2,500,1615007912628663,5441296
2,500,1615007912636054,31941703
2,500,1615007912638783,32512249
2,500,1615007912673428,7684501
2,500,1615007912690885,7677443
2,500,1615007912719729,5455690
2,500,1615007912729677,29764716
2,500,1615007912792086,29381196
2,500,1615007912793933,5522936
2,500,1615007912823129,7752294
2,500,1615007912859369,5489499
2,500,1615007912954911,5150592
2,500,1615007912955369,35252241
2,500,1615007912956921,7603705
2,500,1615007912966902,7601024
2,500,1615007912987040,34811980
2,500,1615007912987424,5087874
2,500,1615007913116336,30333235
2,500,1615007913131304,34600646
2,500,1615007913134719,5198839
2,500,1615007913138007,5143793
2,500,1615007913139769,5111793
2,500,1615007913140022,3626987
2,500,1615007913204385,7826448
2,500,1615007913232589,27876794
2,500,1615007913234517,3589968
2,500,1615007913262886,3581549
2,500,1615007913266992,3540688
2,500,1615007913267123,3502441
2,500,1615007913267245,3463474
2,500,1615007913268022,32533702
2,500,1615007913295521,30284914
2,500,1615007913298721,7860192
2,500,1615007913356985,29077514
2,500,1615007913399947,3566487
2,500,1615007913409946,29994846
2,500,1615007913439422,33270078
2,500,1615007913441254,3562429
2,500,1615007913441594,3465298
2,500,1615007913457961,30467744
2,500,1615007913514870,30461401
2,500,1615007913540761,3542906
2,500,1615007913540928,3452542
2,500,1615007913621540,3446086
2,500,1615007913651701,8203861
2,500,1615007913651900,8185015
2,500,1615007913653394,30568615
2,500,1615007913664302,30180677
2,500,1615007913683065,3446697
2,500,1615007913706907,8165778
2,500,1615007913741923,3438749
2,500,1615007913745787,3412588
2,500,1615007913747172,3354369
2,500,1615007913753543,30711556
2,500,1615007913802418,32987813
2,500,1615007913807988,8228911
2,500,1615007913808158,8226461
2,500,1615007913834473,35178217
2,500,1615007913834881,3395637
2,500,1615007913835281,3234113
2,500,1615007913860254,28488220
2,500,1615007913931686,29629989
2,500,1615007914012311,3343068
2,500,1615007914012667,3292462
2,500,1615007914014851,8417716
2,500,1615007914038498,8366525
2,500,1615007914048430,33800839
2,500,1615007914058052,30959839
2,500,1615007914059434,3291817
2,500,1615007914059950,36295037
2,500,1615007914065895,8305303
2,500,1615007914084237,3273001
2,500,1615007914106526,29790052
2,500,1615007914111687,31026399
2,500,1615007914158630,33296667
2,500,1615007914229460,30541208
2,500,1615007914267900,3453565
2,500,1615007914268264,3400985
2,500,1615007914270766,8426653
2,500,1615007914376356,35683234
2,500,1615007914400127,31334953
2,500,1615007914407706,34065600
2,500,1615007914414884,3538048
2,500,1615007914491567,8587920
2,500,1615007914492858,31252513
2,500,1615007914493247,29099016
2,500,1615007914494883,31382084
2,500,1615007914570462,3307967
2,500,1615007914591970,30860757
2,500,1615007914624670,3303588
2,500,1615007914629765,3254491
2,500,1615007914639603,30316426
2,500,1615007914643368,31435465
2,500,1615007914645810,31405779
2,500,1615007914671597,36883127
2,500,1615007914674090,30921608
2,500,1615007914696704,31393637
2,500,1615007914713990,31453466
2,500,1615007914743135,3323006
2,500,1615007914744892,8800845
2,500,1615007914793736,3343524
2,500,1615007914955327,3384936
2,500,1615007915004126,3388508
2,500,1615007915004226,3340902
2,500,1615007915015818,9060453
2,500,1615007915016238,30670204
2,500,1615007915211041,3540731
2,500,1615007915214980,3471789
2,500,1615007915219533,3448962
2,500,1615007915220131,3392956
2,500,1615007915220926,3359677
2,500,1615007915222708,9251745
2,500,1615007915357772,3467011
2,500,1615007915366212,3399672
2,500,1615007915366294,3353585
2,500,1615007915367216,34429167
2,500,1615007915367641,9164099
2,500,1615007915367967,9131239
2,500,1615007915455072,30060607
2,500,1615007915469264,9170754
2,500,1615007915471092,9134420
2,500,1615007915475071,32105113
2,500,1615007915725545,32466392
2,500,1615007915735342,31947775
2,500,1615007915740230,31908929
2,500,1615007915741444,3688082
2,500,1615007915741723,3680011
2,500,1615007915749969,3656155
2,500,1615007915755013,37782909
2,500,1615007915756550,9383799
2,500,1615007915756874,9355309
2,500,1615007915756991,9301108
2,500,1615007915758961,9276101
2,500,1615007915761350,32320860
2,500,1615007915763306,32165178
2,500,1615007915763887,32423925
2,500,1615007915765416,32318640
2,500,1615007915861697,32013908
2,500,1615007915866899,35512518
2,500,1615007915867158,37149563
2,500,1615007915867645,3695103
2,500,1615007915867990,3631806
2,500,1615007915871819,9343444
2,500,1615007915874701,32422417
2,500,1615007915897578,30492174
2,500,1615007915900307,3584101
2,500,1615007915908739,3537391
2,500,1615007915911089,34960968
2,500,1615007915915238,9253297
2,500,1615007915918272,31566574
2,500,1615007916000492,32721005
2,500,1615007916075956,3650657
2,500,1615007916076088,3587350
2,500,1615007916212607,9531079
2,500,1615007916219165,37477756
2,500,1615007916604921,36213869
2,500,1615007916605100,32245207
2,500,1615007916605200,32150844
2,500,1615007916607452,32112662
2,500,1615007916608646,32021293
2,500,1615007916608981,4053701
2,500,1615007916609402,4017026
2,500,1615007916616909,3981501
2,500,1615007916617111,3944287
2,500,1615007916619726,3892183
2,500,1615007916621049,3847714
2,500,1615007916621188,32861798
2,500,1615007916621388,32806678
2,500,1615007916621969,9917882
2,500,1615007916622095,9899415
2,500,1615007916622277,31189104
2,500,1615007916623269,38606394
2,500,1615007916623926,32510842
2,500,1615007916624401,35588386
2,500,1615007916624657,33147379
