3,200,1615007872261967,269560
3,200,1615007872426328,160653
3,200,1615007872431691,519462
3,200,1615007872431893,458221
3,200,1615007872476859,439665
3,200,1615007872477198,566690
3,200,1615007872528655,605322
3,200,1615007872536671,634699
3,200,1615007872537037,545168
3,200,1615007872541550,220472
3,200,1615007872610295,295562
3,200,1615007872612514,508526
3,200,1615007872668556,265585
3,200,1615007872671954,681272
3,200,1615007872706840,345489
3,200,1615007872707675,576483
3,200,1615007872716333,788508
3,200,1615007872717474,604092
3,200,1615007872824097,868478
3,200,1615007872855045,323287
3,200,1615007872919656,911187
3,200,1615007872920150,915438
3,200,1615007872920765,511050
3,200,1615007872929156,974889
3,200,1615007872935559,670755
3,200,1615007872937248,779195
3,200,1615007872968647,403586
3,200,1615007872995246,1037126
3,200,1615007873072155,1051512
3,200,1615007873072420,1056452
3,200,1615007873094791,833438
3,200,1615007873114772,1156155
3,200,1615007873115770,1124672
3,200,1615007873120472,510825
3,200,1615007873135081,821594
3,200,1615007873214417,738892
3,500,1615007873269731,1348529
3,500,1615007873277723,1309929
3,500,1615007873278966,1187935
3,500,1615007873293710,1325428
3,200,1615007873436341,1464450
3,500,1615007873844234,1839142
3,500,1615007873849152,1723150
3,500,1615007873865670,1604490
3,500,1615007873882822,1877341
3,500,1615007873889010,1530175
3,500,1615007873915155,1879435
3,500,1615007873919528,1820367
3,500,1615007873935899,1919625
3,500,1615007873936072,1670782
3,500,1615007873942969,1950099
3,500,1615007873955144,1816462
3,500,1615007873974888,1713888
3,500,1615007873975027,1877619
3,500,1615007874004511,1977168
3,500,1615007874004757,1283541
3,500,1615007874014933,1753165
3,500,1615007874017032,1755077
3,500,1615007874050985,1785054
3,500,1615007874054501,1482742
3,500,1615007874070440,1920582
3,500,1615007874087208,1821709
3,500,1615007874099123,1784821
3,500,1615007874120052,1665695
3,500,1615007874146094,2142305
3,500,1615007874146831,1824650
3,500,1615007874218387,1470816
3,500,1615007874236914,1643270
3,500,1615007874237400,2153966
3,500,1615007874237556,1860766
3,500,1615007874303761,1928644
3,500,1615007874431281,2071165
3,500,1615007874460196,2082948
3,500,1615007874462000,2083072
3,500,1615007874463193,1607101
3,500,1615007874464910,2416567
3,500,1615007874468654,2427873
3,500,1615007874474548,1847230
3,500,1615007874476305,1831979
3,500,1615007874476473,1821574
3,500,1615007874476656,1826088
3,500,1615007874487970,2337759
3,500,1615007874489965,2177272
3,500,1615007874491846,2130958
3,500,1615007874495249,2354025
3,500,1615007874500964,2123372
3,500,1615007874504410,2095011
3,500,1615007874724735,2346248
3,500,1615007874727186,2323138
3,500,1615007874727323,2284776
3,500,1615007874727853,2657589
3,500,1615007874728765,2396099
3,500,1615007874729062,2303734
3,500,1615007874743092,2482319
3,500,1615007874744701,2341417
3,500,1615007874822913,2220153
3,500,1615007874827615,2119226
3,500,1615007874827882,2065408
3,500,1615007874829200,2059369
3,500,1615007874836179,2773107
3,500,1615007874846948,2183418
3,500,1615007874851821,2166143
3,500,1615007874853263,1925880
3,500,1615007874855349,2479595
3,500,1615007874863731,2602175
3,500,1615007874864146,2344453
3,500,1615007874869613,2459531
3,500,1615007874874110,2448178
3,500,1615007874874709,2610178
3,500,1615007874874803,2561961
3,500,1615007874877309,1992004
3,500,1615007874886666,2453605
3,500,1615007874899321,2190610
3,500,1615007874912981,2420315
3,500,1615007874922293,2656146
3,500,1615007874942476,2059495
3,500,1615007874989258,2265365
3,500,1615007875035386,2324822
3,500,1615007875036544,2582565
3,500,1615007875089026,2656288
3,500,1615007875090179,2755625
3,500,1615007875098891,3026886
3,500,1615007875103946,2333710
3,500,1615007875143060,2616711
3,500,1615007875151275,2564088
3,500,1615007875152366,2820681
3,500,1615007875153206,2776863
3,500,1615007875174799,2245660
3,500,1615007875218419,2800420
3,500,1615007875233400,2350752
3,500,1615007875243796,2727145
3,500,1615007875248774,2364887
3,500,1615007875255060,2702392
3,500,1615007875259301,2322064
3,500,1615007875269984,2619937
3,500,1615007875294928,2408624
3,500,1615007875298057,2362510
3,500,1615007875324844,2851192
3,500,1615007875358763,2423698
3,500,1615007875412247,2889623
3,500,1615007875420207,2726958
3,500,1615007875420465,2450776
3,500,1615007875447819,3072175
3,500,1615007875448184,3320056
3,500,1615007875448465,2510651
3,500,1615007875448737,2715107
3,500,1615007875456987,2899855
3,500,1615007875457523,2537884
3,500,1615007875478664,2813522
3,500,1615007875489193,2490903
3,500,1615007875489619,2949593
3,500,1615007875498820,2530191
3,500,1615007875545707,2971843
3,500,1615007875559646,2563483
3,500,1615007875577814,2472453
3,500,1615007875588732,2995651
3,500,1615007875603559,2867168
3,500,1615007875605515,3227477
3,500,1615007875633205,2986087
3,500,1615007875647807,2551857
3,500,1615007875648761,2907056
3,500,1615007875657835,2688770
3,500,1615007875682574,3553996
3,500,1615007875701218,2573962
3,500,1615007875708556,3035083
3,500,1615007875714847,2778802
3,500,1615007875762675,3160264
3,500,1615007875762935,2641482
3,500,1615007875796842,3116771
3,500,1615007875797126,3393454
3,500,1615007875800950,2417925
3,500,1615007875803599,2806281
3,500,1615007875823187,2852402
3,500,1615007875823475,3083226
3,500,1615007875856911,2973530
3,500,1615007875868008,2929334
3,500,1615007875891989,2971238
3,500,1615007875892499,3481763
3,500,1615007875907455,3020641
3,500,1615007875908243,3481929
3,500,1615007875908341,2938237
3,500,1615007875916064,2977906
3,500,1615007875916202,2920969
3,500,1615007875925976,3290127
3,500,1615007875926124,2929333
3,500,1615007875928321,2846719
3,500,1615007875934549,2503232
3,500,1615007875943159,3267370
3,500,1615007875946467,2851290
3,500,1615007875948670,2905196
3,500,1615007875968238,3282729
3,500,1615007875979287,2716480
3,500,1615007875979352,2907618
3,500,1615007876005641,3310761
3,500,1615007876010501,2730385
3,500,1615007876011306,2915712
3,500,1615007876022627,3267451
3,500,1615007876031933,2722395
3,500,1615007876032402,2852286
3,500,1615007876036251,2888913
3,500,1615007876055972,3347970
3,500,1615007876089621,3824546
3,500,1615007876120865,3505195
3,500,1615007876124779,2795100
3,500,1615007876134845,3091009
3,500,1615007876159345,3231589
3,500,1615007876166531,2821482
3,500,1615007876174854,2779844
3,500,1615007876182412,3411717
3,500,1615007876188431,2703461
3,500,1615007876202131,2659941
3,500,1615007876222920,3017927
3,500,1615007876225204,2886129
3,500,1615007876256048,3260293
3,500,1615007876260154,3323348
3,500,1615007876263016,2693918
3,500,1615007876265077,3951207
3,500,1615007876303580,3592561
3,500,1615007876330591,3360189
3,500,1615007876347047,2728360
3,500,1615007876367430,2746251
3,500,1615007876388338,3564838
3,500,1615007876395126,3349163
3,500,1615007876432291,3221064
3,500,1615007876445379,3048742
3,500,1615007876465724,2755553
3,500,1615007876503598,3853860
3,500,1615007876525742,2768277
3,500,1615007876537408,3295086
3,500,1615007876537817,2909108
3,500,1615007876556269,3619832
3,500,1615007876557348,3476592
3,500,1615007876557693,4198326
3,500,1615007876560036,3591800
3,500,1615007876595785,3523640
3,500,1615007876606540,2790845
3,500,1615007876608542,4139484
3,500,1615007876611547,3496028
3,500,1615007876638573,4122272
3,500,1615007876639841,3524078
3,500,1615007876655018,4027259
3,500,1615007876662226,3526697
3,500,1615007876669711,3987142
3,500,1615007876675482,3506959
3,500,1615007876692768,3971772
3,500,1615007876705285,3518661
3,500,1615007876711693,3713548
3,500,1615007876716558,3861529
3,500,1615007876718438,3529012
3,500,1615007876732048,3847142
3,500,1615007876738017,3539856
3,500,1615007876738228,3995911
3,500,1615007876765397,3836754
3,500,1615007876765599,3517734
3,500,1615007876766149,3942068
3,500,1615007876770706,3540141
3,500,1615007876774840,2911969
3,500,1615007876787307,3741936
3,500,1615007876793547,3434851
3,500,1615007876804199,3682325
3,500,1615007876811943,3435333
3,500,1615007876829947,3593954
3,500,1615007876830416,3388551
3,500,1615007876847528,3609052
3,500,1615007876851301,3397834
3,500,1615007876868235,3624293
3,500,1615007876874182,3363001
3,500,1615007876890634,3609847
3,500,1615007876903687,3386194
3,500,1615007876914151,3568686
3,500,1615007876922981,3398895
3,500,1615007876942191,3559546
3,500,1615007876947072,3397193
3,500,1615007876976720,3760449
3,500,1615007876976970,3528113
3,500,1615007877022063,3759932
3,500,1615007877029567,3076658
3,500,1615007877045652,4048036
3,500,1615007877077389,3423224
3,500,1615007877095241,3814989
3,500,1615007877103394,3559413
3,500,1615007877103510,3149147
3,500,1615007877107433,4336634
3,500,1615007877130747,4246315
3,500,1615007877133344,4088786
3,500,1615007877142346,3893464
3,500,1615007877144497,3385434
3,500,1615007877215201,3618561
3,500,1615007877217230,3815502
3,500,1615007877229904,2985866
3,500,1615007877232677,3574459
3,500,1615007877267231,4223033
3,500,1615007877277158,4230785
3,500,1615007877322094,4393930
3,500,1615007877331946,4475572
3,500,1615007877342303,2650126
3,500,1615007877358580,4051116
3,500,1615007877386879,3805573
3,500,1615007877413258,3984773
3,500,1615007877437213,4097810
3,500,1615007877445144,3725513
3,500,1615007877445666,2717329
3,500,1615007877446515,4331759
3,500,1615007877455878,3707705
3,500,1615007877495142,4396720
3,500,1615007877495751,4115699
3,500,1615007877529523,2781448
3,500,1615007877529858,3703203
3,500,1615007877585354,4463129
3,500,1615007877641178,4188086
3,500,1615007877641650,4596083
3,500,1615007877641939,2891838
3,500,1615007877665718,4539054
3,500,1615007877668646,4078737
3,500,1615007877684445,3874767
3,500,1615007877691125,3591144
3,500,1615007877722621,4116785
3,500,1615007877735959,3587293
3,500,1615007877754392,4087894
3,500,1615007877763367,3604600
3,500,1615007877780107,4074458
3,500,1615007877791005,3487261
3,500,1615007877795383,3031025
3,500,1615007877806324,4359774
3,500,1615007877806579,4075549
3,500,1615007877839888,3351931
3,500,1615007877842883,4039329
3,500,1615007877844217,4077899
3,500,1615007877853325,3160507
3,500,1615007877880614,4994796
3,500,1615007877913484,3134599
3,500,1615007877913833,4378154
3,500,1615007877915741,4788764
3,500,1615007877916110,4245275
3,500,1615007877940323,4130208
3,500,1615007877977302,4824407
3,500,1615007877988920,4917516
3,500,1615007877994235,4173542
3,500,1615007878007415,4699217
3,500,1615007878015550,3214945
3,500,1615007878032330,4161927
3,500,1615007878072848,4189577
3,500,1615007878077346,4708271
3,500,1615007878157681,3304431
3,500,1615007878180747,4014647
3,500,1615007878216892,3317024
3,500,1615007878237562,3278236
3,500,1615007878273540,4840958
3,500,1615007878296359,3260516
3,500,1615007878296571,5253449
3,500,1615007878296711,4727260
3,500,1615007878296782,4833808
3,500,1615007878305039,3576537
3,500,1615007878312041,4396560
3,500,1615007878312289,3246242
3,500,1615007878312375,4532935
3,500,1615007878322541,5103197
3,500,1615007878358434,3250091
3,500,1615007878395154,3251249
3,500,1615007878422922,4491225
3,500,1615007878425464,4156737
3,500,1615007878456485,5376331
3,500,1615007878470198,3291792
3,500,1615007878478222,5433227
3,500,1615007878483239,4628083
3,500,1615007878502869,4885759
3,500,1615007878502977,5241641
3,500,1615007878509485,5046141
3,500,1615007878515314,3767107
3,500,1615007878537464,3321603
3,500,1615007878578466,5092162
3,500,1615007878587758,4095926
3,500,1615007878602058,5339644
3,500,1615007878613936,4338850
3,500,1615007878662176,3418695
3,500,1615007878673207,4816460
3,500,1615007878674924,5167121
3,500,1615007878675019,4738474
3,500,1615007878696157,5388350
3,500,1615007878707052,5625893
3,500,1615007878766841,5720226
3,500,1615007878783728,5474546
3,500,1615007878791371,5151377
3,500,1615007878833208,4975995
3,500,1615007878849067,4098840
3,500,1615007878860785,3601497
3,500,1615007878861224,5537897
3,500,1615007878894815,5171758
3,500,1615007878896135,4173141
3,500,1615007878896315,5011671
3,500,1615007878907339,4590154
3,500,1615007878916406,3620660
3,500,1615007878951598,5263783
3,500,1615007878953139,3654221
3,500,1615007878972600,3622292
3,500,1615007878989652,3578305
3,500,1615007879003000,3503857
3,500,1615007879011260,3494696
3,500,1615007879027090,3464774
3,500,1615007879038521,3433018
3,500,1615007879046994,3398785
3,500,1615007879078273,3415530
3,500,1615007879080051,3378617
3,500,1615007879088665,3365828
3,500,1615007879121643,3366301
3,500,1615007879144419,6033988
3,500,1615007879146630,4419011
3,500,1615007879187275,6107556
3,500,1615007879189845,3333277
3,500,1615007879195634,5270166
3,500,1615007879198682,5323692
3,500,1615007879213931,5475292
3,500,1615007879229813,3142924
3,500,1615007879232523,4503470
3,500,1615007879247658,5523285
3,500,1615007879256640,5319892
3,500,1615007879273801,5943756
3,500,1615007879282945,3140392
3,500,1615007879286934,4539439
3,500,1615007879297858,6036089
3,500,1615007879344404,4579962
3,500,1615007879386410,3126341
3,500,1615007879398455,6256913
3,500,1615007879409366,5508667
3,500,1615007879417965,5587714
3,500,1615007879431978,5501618
3,500,1615007879441158,5676180
3,500,1615007879441407,3044459
3,500,1615007879470898,6066389
3,500,1615007879482386,4733221
3,500,1615007879533134,4784697
3,500,1615007879541428,3129537
3,500,1615007879554710,6371976
3,500,1615007879572572,5661470
3,500,1615007879581519,5556173
3,500,1615007879586843,6306299
3,500,1615007879619366,5600250
3,500,1615007879628981,3148555
3,500,1615007879629271,5690219
3,500,1615007879653965,4890313
3,500,1615007879678305,3142351
3,500,1615007879685922,4906866
3,500,1615007879700462,6450699
3,500,1615007879722051,6191696
3,500,1615007879750827,3190804
3,500,1615007879771276,5745494
3,500,1615007879774930,4999414
3,500,1615007879816409,5036588
3,500,1615007879833866,5003909
3,500,1615007879875680,5742381
3,500,1615007879885982,5008696
3,500,1615007879893463,6020157
3,500,1615007879987782,6689464
3,500,1615007879989294,5887197
3,500,1615007879989438,6439890
3,500,1615007879991116,6020891
3,500,1615007880024698,5985059
3,500,1615007880025849,3451543
3,500,1615007880035962,6706617
3,500,1615007880036224,5845015
3,500,1615007880078498,5315621
3,500,1615007880079352,6772149
3,500,1615007880096208,5979065
3,500,1615007880109387,3517398
3,500,1615007880110169,5635631
3,500,1615007880137920,6573365
3,500,1615007880169372,5368352
3,500,1615007880171320,6163712
3,500,1615007880172037,3389474
3,500,1615007880201779,6309115
3,500,1615007880202205,5249930
3,500,1615007880202680,6789813
3,500,1615007880207863,5443271
3,500,1615007880231596,3306505
3,500,1615007880239722,6102588
3,500,1615007880300189,6991482
3,500,1615007880310370,5644618
3,500,1615007880313616,3250339
3,500,1615007880315603,6739014
3,500,1615007880323133,6234976
3,500,1615007880343967,6268572
3,500,1615007880404527,5549188
3,500,1615007880404719,6932889
3,500,1615007880404796,3203361
3,500,1615007880415102,6499968
3,500,1615007880417692,5420675
3,500,1615007880437342,5658185
3,500,1615007880464105,5735885
3,500,1615007880493412,6347686
3,500,1615007880516645,3299941
3,500,1615007880528700,5465450
3,500,1615007880541155,6465323
3,500,1615007880543868,6964034
3,500,1615007880547157,7195924
3,500,1615007880560740,7076189
3,500,1615007880596180,6958742
3,500,1615007880604619,6424642
3,500,1615007880611483,6523701
3,500,1615007880648340,6546593
3,500,1615007880665041,5752305
3,500,1615007880670568,6693871
3,500,1615007880682959,5880518
3,500,1615007880712779,5614159
3,500,1615007880717494,7336526
3,500,1615007880743213,5879926
3,500,1615007880743545,5610415
3,500,1615007880747898,6746672
3,500,1615007880764483,7281533
3,500,1615007880777580,5855851
3,500,1615007880777896,5603107
3,500,1615007880777961,6762381
3,500,1615007880820667,7298620
3,500,1615007880821368,7140225
3,500,1615007880821469,5632215
3,500,1615007880830998,5861614
3,500,1615007880854163,6106182
3,500,1615007880856768,6839127
3,500,1615007880857316,6765718
3,500,1615007880873322,6762896
3,500,1615007880884606,7203081
3,500,1615007880884917,7116747
3,500,1615007880886419,6974945
3,500,1615007880886861,5850326
3,500,1615007880887150,5809082
3,500,1615007880887276,5778021
3,500,1615007880895135,6749050
3,500,1615007880902199,3547896
3,500,1615007880913926,5761841
3,500,1615007880914295,6778993
3,500,1615007880915130,6760193
3,500,1615007880938458,5688994
3,500,1615007880940182,6711375
3,500,1615007880942644,6806969
3,500,1615007880960558,6979109
3,500,1615007880961594,6915336
3,500,1615007880962318,6891537
3,500,1615007880963206,7292763
3,500,1615007880963640,5515832
3,500,1615007880967157,6716914
3,500,1615007880967330,6219955
3,500,1615007880972560,5429458
3,500,1615007880991643,6916652
3,500,1615007880991955,6911276
3,500,1615007880995124,5417681
3,500,1615007880995788,5374349
3,500,1615007881014969,6265980
3,500,1615007881015180,6251686
3,500,1615007881020654,5362829
3,500,1615007881020999,6245685
3,500,1615007881024573,6883600
3,500,1615007881024667,6883390
3,500,1615007881027612,5345838
3,500,1615007881029680,6250096
3,500,1615007881039020,6863977
3,500,1615007881049942,5341837
3,500,1615007881052645,6229752
3,500,1615007881054519,6861375
3,500,1615007881059382,5324187
3,500,1615007881062028,6011863
3,500,1615007881066216,5833428
3,500,1615007881077918,3706816
3,500,1615007881086877,6799103
3,500,1615007881114386,7501718
3,500,1615007881200794,7008109
3,500,1615007881200987,3819695
3,500,1615007881201117,7515660
3,500,1615007881210995,5377976
3,500,1615007881214974,6961591
3,500,1615007881229328,6139160
3,500,1615007881231841,7077225
3,500,1615007881259543,6290775
3,500,1615007881267443,7637795
3,500,1615007881268693,6518885
3,500,1615007881268873,3859266
3,500,1615007881343168,6911912
3,500,1615007881354524,6078525
3,500,1615007881358680,3880326
3,500,1615007881386150,7603221
3,500,1615007881402816,5857132
3,500,1615007881419021,6918069
3,500,1615007881457607,5623784
3,500,1615007881457871,6333316
3,500,1615007881462684,3935460
3,500,1615007881463754,7250498
3,500,1615007881483393,7680261
3,500,1615007881508096,3959492
3,500,1615007881534844,7267567
3,500,1615007881543749,6779522
3,500,1615007881546094,6509930
3,500,1615007881567343,5988931
3,500,1615007881574975,7783887
3,500,1615007881577219,7112323
3,500,1615007881596020,7339219
3,500,1615007881601881,3887864
3,500,1615007881635336,6910728
3,500,1615007881658025,7808237
3,500,1615007881686733,3932585
3,500,1615007881717916,7789814
3,500,1615007881723962,6092602
3,500,1615007881765115,6989040
3,500,1615007881770369,7265984
3,500,1615007881789934,7125089
3,500,1615007881834009,7932578
3,500,1615007881861620,4092097
3,500,1615007881883904,6225730
3,500,1615007881884099,6016888
3,500,1615007881892495,6739297
3,500,1615007881892934,7165090
3,500,1615007881934033,7465398
3,500,1615007881935028,7190337
3,500,1615007881935325,6857351
3,500,1615007881939400,7947872
3,500,1615007881941706,7141874
3,500,1615007881982348,6107778
3,500,1615007881986058,4179063
3,500,1615007881993435,6804993
3,500,1615007882040676,8048618
3,500,1615007882050837,7326115
3,500,1615007882105338,7439990
3,500,1615007882112148,7003422
3,500,1615007882150678,4294104
3,500,1615007882157402,7410158
3,500,1615007882174005,8010933
3,500,1615007882224661,8261502
3,500,1615007882246355,6564110
3,500,1615007882249091,7500329
3,500,1615007882281287,7553240
3,500,1615007882282848,4403949
3,500,1615007882283186,7534325
3,500,1615007882287443,7440508
3,500,1615007882310871,7159609
3,500,1615007882336634,7588987
3,500,1615007882337938,8093083
3,500,1615007882338162,6446511
3,500,1615007882378684,7598999
3,500,1615007882380625,7162225
3,500,1615007882401100,4501988
3,500,1615007882413336,8126601
3,500,1615007882438017,7690212
3,500,1615007882450838,7272085
3,500,1615007882468426,7525977
3,500,1615007882501564,8523607
3,500,1615007882532152,8042201
3,500,1615007882550603,7561356
3,500,1615007882553354,7789957
3,500,1615007882557811,4643985
3,500,1615007882586525,6877979
3,500,1615007882586882,7891929
3,500,1615007882586986,7837585
3,500,1615007882587123,7370880
3,500,1615007882609628,4613860
3,500,1615007882626193,7876943
3,500,1615007882634999,7276248
3,500,1615007882635410,7585602
3,500,1615007882635657,6727757
3,500,1615007882650293,4599021
3,500,1615007882668046,7768733
3,500,1615007882725815,6989509
3,500,1615007882731896,8650772
3,500,1615007882732456,8003701
3,500,1615007882737807,4573565
3,500,1615007882763202,7988060
3,500,1615007882779448,7689621
3,500,1615007882784998,8021129
3,500,1615007882797134,8033353
3,500,1615007882803896,4583957
3,500,1615007882807644,7563858
3,500,1615007882835355,6913334
3,500,1615007882874825,4599259
3,500,1615007882906839,7782688
3,500,1615007882929871,8181515
3,500,1615007882930779,7510581
3,500,1615007882952076,8740538
3,500,1615007882954029,8174619
3,500,1615007882954151,8178210
3,500,1615007882954226,7191564
3,500,1615007882954298,4595884
3,500,1615007882979613,7826790
3,500,1615007882984118,7717813
3,500,1615007882984207,8029639
3,500,1615007883004963,8229182
3,500,1615007883006202,4639619
3,500,1615007883026233,6580319
3,500,1615007883048778,4622129
3,500,1615007883055764,8233220
3,500,1615007883056074,7609158
3,500,1615007883076771,7888749
3,500,1615007883083522,7317334
3,500,1615007883096969,8875611
3,500,1615007883101444,8104727
3,500,1615007883129794,8094418
3,500,1615007883134343,7916439
3,500,1615007883141932,8091257
3,500,1615007883159103,7355524
3,500,1615007883159240,8379294
3,500,1615007883184700,8119178
3,500,1615007883202084,8706853
3,500,1615007883204358,7955655
3,500,1615007883216554,8125023
3,500,1615007883229175,7418705
3,500,1615007883235923,8400422
3,500,1615007883249999,8146061
3,500,1615007883250151,8117415
3,500,1615007883254645,7979643
3,500,1615007883266332,8541930
3,500,1615007883277843,8391784
3,500,1615007883294171,8127172
3,500,1615007883303450,7430411
3,500,1615007883304019,4875945
3,500,1615007883307417,8163903
3,500,1615007883336762,8593684
3,500,1615007883337000,8383217
3,500,1615007883382139,8085169
3,500,1615007883382824,6879319
3,500,1615007883401207,8537071
3,500,1615007883406443,8607073
3,500,1615007883410193,7518215
3,500,1615007883428170,7949817
3,500,1615007883431431,8253525
3,500,1615007883468754,4947536
3,500,1615007883471049,7972252
3,500,1615007883529137,8322656
3,500,1615007883529538,8071429
3,500,1615007883574879,8385991
3,500,1615007883578778,8062632
3,500,1615007883578977,8282853
3,500,1615007883604002,8370611
3,500,1615007883624884,8347772
3,500,1615007883656899,8200271
3,500,1615007883667056,8177874
3,500,1615007883686667,8107828
3,500,1615007883702889,8070900
3,500,1615007883733371,8074759
3,500,1615007883773033,8025760
3,500,1615007883773497,7899547
3,500,1615007883794889,7866161
3,500,1615007883798256,5233452
3,500,1615007883803260,9054641
3,500,1615007883828988,7861470
3,500,1615007883857999,7879253
3,500,1615007883884656,7784710
3,500,1615007883956648,7734172
3,500,1615007883991281,7768370
3,500,1615007884080678,5473046
3,500,1615007884081191,5416922
3,500,1615007884100984,7564032
3,500,1615007884102687,8133930
3,500,1615007884160236,8555544
3,500,1615007884162007,9239223
3,500,1615007884188319,7943043
3,500,1615007884195162,5419123
3,500,1615007884196740,8872635
3,500,1615007884219241,8630917
3,500,1615007884271120,9273741
3,500,1615007884272279,5464730
3,500,1615007884287381,9451213
3,500,1615007884297096,8176252
3,500,1615007884297224,9078364
3,500,1615007884314978,7702861
3,500,1615007884320877,9332026
3,500,1615007884390971,5564022
3,500,1615007884475430,8107558
3,500,1615007884476466,9412862
3,500,1615007884476646,9227521
3,500,1615007884476786,9713565
3,500,1615007884476956,9590304
3,500,1615007884477307,8844861
3,500,1615007884477342,9122950
3,500,1615007884477416,8829617
3,500,1615007884477659,8815200
3,500,1615007884478241,5642686
3,500,1615007884478688,5603084
3,500,1615007884526457,8391633
3,500,1615007884526544,9251161
3,500,1615007884543733,7817099
3,500,1615007884545355,9770306
3,500,1615007884545481,8132142
3,500,1615007884545569,9446686
3,500,1615007884545662,5464631
3,500,1615007884558039,5408533
3,500,1615007884574450,9795192
3,500,1615007884575037,9525616
3,500,1615007884575200,8892640
3,500,1615007884576380,9278684
3,500,1615007884577966,8429555
3,500,1615007884591003,9457709
3,500,1615007884617123,8184845
3,500,1615007884647556,8946345
3,500,1615007884647638,5451643
3,500,1615007884728066,5498273
3,500,1615007884863657,9201626
3,500,1615007884874273,8123463
3,500,1615007884885022,9010848
3,500,1615007884894085,9939981
3,500,1615007884914540,5539533
3,500,1615007884947437,9609886
3,500,1615007884960873,9187606
3,500,1615007884972835,9883819
3,500,1615007884973270,8774667
3,500,1615007884980516,9089709
3,500,1615007884995463,8200460
3,500,1615007885009230,10206407
3,500,1615007885009602,9651150
3,500,1615007885018630,9110398
3,500,1615007885030703,9123265
3,500,1615007885037704,9913911
3,500,1615007885051876,8173657
3,500,1615007885059347,9639519
3,500,1615007885059793,9108970
3,500,1615007885063372,9135062
3,500,1615007885063828,9638826
3,500,1615007885067941,5656163
3,500,1615007885068954,8998434
3,500,1615007885074247,9886632
3,500,1615007885074550,8174887
3,500,1615007885085073,9627558
3,500,1615007885127988,8935012
3,500,1615007885138898,8652300
3,500,1615007885139216,9205345
3,500,1615007885142932,9925950
3,500,1615007885143108,9642879
3,500,1615007885144103,8186858
3,500,1615007885162562,8956207
3,500,1615007885173909,9168283
3,500,1615007885180911,9691010
3,500,1615007885181065,10004658
3,500,1615007885182339,8954366
3,500,1615007885195765,8149618
3,500,1615007885220725,5747995
3,500,1615007885253312,8993522
3,500,1615007885260865,5772002
3,500,1615007885273181,8990630
3,500,1615007885281806,9596844
3,500,1615007885284326,10286307
3,500,1615007885306101,9026565
3,500,1615007885326613,8861475
3,500,1615007885341320,8816561
3,500,1615007885359047,5853990
3,500,1615007885364102,9789564
3,500,1615007885372254,9322384
3,500,1615007885386814,10523132
3,500,1615007885397683,8765698
3,500,1615007885399716,10199059
3,500,1615007885404377,9064461
3,500,1615007885425973,9910836
3,500,1615007885433856,8296639
3,500,1615007885455494,5808785
3,500,1615007885471356,10406330
3,500,1615007885480244,8871717
3,500,1615007885527360,9805271
3,500,1615007885531077,5828613
3,500,1615007885554676,9995050
3,500,1615007885558553,10325524
3,500,1615007885563168,10640889
3,500,1615007885582349,9117640
3,500,1615007885590633,9969631
3,500,1615007885594947,5814179
3,500,1615007885608682,8933216
3,500,1615007885612899,9387705
3,500,1615007885626200,8993915
3,500,1615007885643115,10543842
3,500,1615007885683452,5876122
3,500,1615007885709881,10721344
3,500,1615007885711657,10665014
3,500,1615007885714843,10459793
3,500,1615007885714974,10438484
3,500,1615007885715139,8993816
3,500,1615007885715840,8577199
3,500,1615007885715943,10112397
3,500,1615007885716092,10068807
3,500,1615007885732977,5782800
3,500,1615007885782095,9030382
3,500,1615007885821008,9964115
3,500,1615007885830447,9602800
3,500,1615007885834240,9036957
3,500,1615007885836830,5840218
3,500,1615007885866471,9342024
3,500,1615007885871079,10222327
3,500,1615007885885050,8638395
3,500,1615007885892758,10594260
3,500,1615007885929641,9154015
3,500,1615007885929769,5887228
3,500,1615007885955745,10812696
3,500,1615007885962633,10169608
3,500,1615007885982686,10904257
3,500,1615007886052928,9146289
3,500,1615007886065776,5974180
3,500,1615007886073846,9536036
3,500,1615007886129101,9305861
3,500,1615007886192600,10238338
3,500,1615007886219047,10381490
3,500,1615007886220109,9969706
3,500,1615007886224612,10681124
3,500,1615007886240371,10538541
3,500,1615007886241526,6145690
3,500,1615007886256018,8947944
3,500,1615007886288134,9337562
3,500,1615007886299902,6162798
3,500,1615007886307158,9741166
3,500,1615007886327508,11029469
3,500,1615007886332608,11223026
3,500,1615007886381474,9525365
3,500,1615007886403693,6223973
3,500,1615007886414375,10122929
3,500,1615007886421720,10440368
3,500,1615007886422173,10691646
3,500,1615007886445995,9391317
3,500,1615007886448219,9110860
3,500,1615007886464194,6283208
3,500,1615007886474227,10896423
3,500,1615007886475693,9879920
3,500,1615007886523019,10376961
3,500,1615007886523314,6341977
3,500,1615007886529338,11376983
3,500,1615007886591181,11253093
3,500,1615007886608448,10288154
3,500,1615007886608671,6426237
3,500,1615007886614283,10852283
3,500,1615007886614498,9742292
3,500,1615007886628608,9568547
3,500,1615007886628739,10014552
3,500,1615007886642773,9281137
3,500,1615007886643046,10920531
3,500,1615007886661060,10567774
3,500,1615007886676089,6493294
3,500,1615007886691166,11503844
3,500,1615007886737156,10102312
3,500,1615007886749222,9606496
3,500,1615007886749281,11000949
3,500,1615007886844516,10642402
3,500,1615007886867006,9657340
3,500,1615007886867143,10086812
3,500,1615007886879209,6560226
3,500,1615007886892235,11675620
3,500,1615007886892511,10051089
3,500,1615007886902818,9692823
3,500,1615007886924230,10596253
3,500,1615007886925983,10991630
3,500,1615007886932904,10087581
3,500,1615007886942256,9711968
3,500,1615007886980100,10867709
3,500,1615007886986865,10131162
3,500,1615007886999745,9719928
3,500,1615007887002964,9454889
3,500,1615007887025985,6663869
3,500,1615007887042680,11594222
3,500,1615007887048822,10136437
3,500,1615007887049168,11239834
3,500,1615007887069663,10144964
3,500,1615007887071019,9779196
3,500,1615007887092535,10115122
3,500,1615007887116506,9822672
3,500,1615007887128621,10144781
3,500,1615007887140457,9825724
3,500,1615007887159996,9937243
3,500,1615007887201367,9877249
3,500,1615007887211324,9979675
3,500,1615007887235063,11075736
3,500,1615007887296603,9911721
3,500,1615007887429748,7017402
3,500,1615007887463726,10080817
3,500,1615007887487305,11055710
3,500,1615007887493697,6994455
3,500,1615007887535335,10593524
3,500,1615007887536588,6944657
3,500,1615007887547403,12300775
3,500,1615007887560451,9972182
3,500,1615007887566478,11620094
3,500,1615007887586463,11378325
3,500,1615007887599157,10206759
3,500,1615007887618724,6894108
3,500,1615007887627336,11454417
3,500,1615007887636583,11802356
3,500,1615007887661417,10216308
3,500,1615007887700952,12223246
3,500,1615007887733255,6913254
3,500,1615007887748421,10253297
3,500,1615007887755571,10165171
3,500,1615007887795509,9981074
3,500,1615007887830296,9879361
3,500,1615007887835786,12565816
3,500,1615007887852170,11406803
3,500,1615007887859143,10781806
3,500,1615007887864743,7044089
3,500,1615007887872220,10256039
3,500,1615007887884640,9822293
3,500,1615007887895175,11915626
3,500,1615007887898300,11691729
3,500,1615007887927633,9860930
3,500,1615007887962750,7078154
3,500,1615007887966059,12098262
3,500,1615007887972296,11506598
3,500,1615007887987444,7073532
3,500,1615007888017464,10521273
3,500,1615007888017605,12721205
3,500,1615007888076890,12561314
3,500,1615007888082826,11546297
3,500,1615007888099504,10434834
3,500,1615007888106665,7168219
3,500,1615007888118968,10009592
3,500,1615007888152609,12128296
3,500,1615007888152994,12236518
3,500,1615007888160758,11935204
3,500,1615007888165448,10637222
3,500,1615007888283007,12958202
3,500,1615007888287688,11198454
3,500,1615007888321644,11756579
3,500,1615007888341316,10667001
3,500,1615007888341942,12287732
3,500,1615007888415613,10776082
3,500,1615007888419550,10777916
3,500,1615007888421256,12478159
3,500,1615007888444391,11870638
3,500,1615007888455204,11880505
3,500,1615007888455597,13100666
3,500,1615007888458905,10704154
3,500,1615007888491936,12332067
3,500,1615007888495410,7531777
3,500,1615007888519437,10301120
3,500,1615007888519847,10854525
3,500,1615007888522444,12449550
3,500,1615007888542680,11950428
3,500,1615007888555009,13142992
3,500,1615007888557671,12211533
3,500,1615007888606836,10931266
3,500,1615007888608153,10818227
3,500,1615007888608624,12344986
3,500,1615007888626999,12012402
3,500,1615007888630289,13209636
3,500,1615007888644541,7649427
3,500,1615007888675044,12489105
3,500,1615007888676566,12418897
3,500,1615007888705401,11021221
3,500,1615007888712569,10922439
3,500,1615007888739338,12474272
3,500,1615007888739686,12378208
3,500,1615007888742477,12091802
3,500,1615007888758916,13301939
3,500,1615007888765152,10837676
3,500,1615007888791914,12057848
3,500,1615007888801195,12063192
3,500,1615007888801458,13212741
3,500,1615007888819490,11025007
3,500,1615007888828432,10877260
3,500,1615007888829119,10837278
3,500,1615007888829232,10794238
3,500,1615007888831457,12367560
3,500,1615007888831883,12321671
3,500,1615007888834928,12228404
3,500,1615007888848353,12537337
3,500,1615007888848893,12053198
3,500,1615007888849096,12033706
3,500,1615007888859832,12038053
3,500,1615007888865090,11976412
3,500,1615007888869359,10667684
3,500,1615007888869525,10664115
3,500,1615007888869974,12200281
3,500,1615007888879224,12192946
3,500,1615007888888938,12155024
3,500,1615007888890529,13229160
3,500,1615007888904094,11946375
3,500,1615007888905373,11888566
3,500,1615007888923148,11877513
3,500,1615007888925854,11783522
3,500,1615007888926063,11760212
3,500,1615007888941623,10667687
3,500,1615007888942438,10534053
3,500,1615007888953549,10525118
3,500,1615007888953753,10496929
3,500,1615007888955407,10389631
3,500,1615007888956588,10349466
3,500,1615007888957125,12177706
3,500,1615007888957581,12108318
3,500,1615007888962872,12111066
3,500,1615007888969218,12072080
3,500,1615007888969410,12027242
3,500,1615007889007247,11076222
3,500,1615007889009210,7723811
3,500,1615007889010822,7543762
3,500,1615007889012597,7518506
3,500,1615007889013366,12647006
3,500,1615007889027138,12501760
3,500,1615007889032454,11851642
3,500,1615007889051507,13418318
3,500,1615007889076538,10451720
3,500,1615007889076733,12007665
3,500,1615007889077138,7487260
3,500,1615007889077366,7426795
3,500,1615007889078133,13393673
3,500,1615007889100903,12734896
3,500,1615007889101046,12514598
3,500,1615007889111155,11928637
3,500,1615007889112560,12004719
3,500,1615007889113845,11173534
3,500,1615007889140420,7422526
3,500,1615007889140832,12583497
3,500,1615007889182064,11076133
3,500,1615007889203486,12054106
3,500,1615007889209331,10981572
3,500,1615007889301583,13640690
3,500,1615007889327861,11060798
3,500,1615007889330724,11221824
3,500,1615007889364878,11209611
3,500,1615007889366800,7593280
3,500,1615007889400907,10597781
3,500,1615007889401415,12875691
3,500,1615007889441152,11161098
3,500,1615007889442763,11062443
3,500,1615007889513216,7571530
3,500,1615007889531600,12910877
3,500,1615007889555069,12445799
3,500,1615007889586943,12244178
3,500,1615007889588581,11209443
3,500,1615007889630756,12284732
3,500,1615007889655568,7587079
3,500,1615007889660629,13945456
3,500,1615007889662126,13030439
3,500,1615007889674289,11266207
3,500,1615007889759420,10948588
3,500,1615007889762721,13996345
3,500,1615007889776978,13219292
3,500,1615007889818178,7510737
3,500,1615007889834131,12458246
3,500,1615007889844425,11362496
3,500,1615007889861642,13168289
3,500,1615007889892597,11469745
3,500,1615007889940224,7576876
3,500,1615007889962438,12840073
3,500,1615007889984664,14236763
3,500,1615007889992749,13311539
3,500,1615007890004041,14225699
3,500,1615007890031030,12669689
3,500,1615007890032905,13466650
3,500,1615007890038018,11533301
3,500,1615007890041487,11509959
3,500,1615007890048140,7606336
3,500,1615007890048287,7601251
3,500,1615007890090734,14293903
3,500,1615007890108339,7625177
3,500,1615007890128839,7603323
3,500,1615007890144259,13559974
3,500,1615007890146660,13448741
3,500,1615007890147171,14337432
3,500,1615007890160740,7590358
3,500,1615007890259489,7566488
3,500,1615007890260216,13510291
3,500,1615007890314507,13602364
3,500,1615007890332532,7606738
3,500,1615007890333341,14509587
3,500,1615007890333847,13612181
3,500,1615007890334321,11397936
3,500,1615007890347592,13206237
3,500,1615007890351305,14460060
3,500,1615007890351605,14459118
3,500,1615007890361580,13559895
3,500,1615007890393850,11729220
3,500,1615007890416989,14429484
3,500,1615007890417429,13683973
3,500,1615007890478081,14516583
3,500,1615007890487003,13058822
3,500,1615007890488792,13676373
3,500,1615007890537712,13800158
3,500,1615007890539583,13712504
3,500,1615007890542100,11884248
3,500,1615007890542257,14468033
3,500,1615007890542520,14305672
3,500,1615007890566574,14595161
3,500,1615007890618385,13179011
3,500,1615007890635935,13657953
3,500,1615007890642736,7813494
3,500,1615007890695295,13927798
3,500,1615007890725360,14424038
3,500,1615007890735353,13534992
3,500,1615007890751347,11796428
3,500,1615007890769694,13240194
3,500,1615007890772907,13903033
3,500,1615007890796212,7965787
3,500,1615007890801994,11955116
3,500,1615007890893272,14906088
3,500,1615007890900420,12013046
3,500,1615007890902185,8066351
3,500,1615007890902276,14070714
3,500,1615007890913483,13921060
3,500,1615007890923476,8016298
3,500,1615007890923566,14579272
3,500,1615007890923813,13427234
3,500,1615007890929511,7999898
3,500,1615007891002005,7975783
3,500,1615007891006916,14879584
3,500,1615007891083673,12058292
3,500,1615007891084073,13533633
3,500,1615007891084855,14079445
3,500,1615007891084969,12164573
3,500,1615007891085201,14222866
3,500,1615007891143046,8088591
3,500,1615007891143237,8041430
3,500,1615007891143305,7983568
3,500,1615007891148019,14959171
3,500,1615007891152819,14103572
3,500,1615007891153219,12242993
3,500,1615007891158912,13869871
3,500,1615007891162706,14151444
3,500,1615007891164299,14136697
3,500,1615007891164657,12213751
3,500,1615007891217402,8033137
3,500,1615007891221938,12263571
3,500,1615007891284956,15095771
3,500,1615007891285423,14226907
3,500,1615007891285659,14161323
3,500,1615007891338824,14950503
3,500,1615007891352212,14232689
3,500,1615007891353069,13649124
3,500,1615007891353361,8144913
3,500,1615007891356438,8061759
3,500,1615007891356653,8007663
3,500,1615007891358259,12388986
3,500,1615007891358560,12383201
3,500,1615007891360302,14800552
3,500,1615007891360741,12376233
3,500,1615007891365164,14232081
3,500,1615007891365561,14241682
3,500,1615007891365854,15168791
3,500,1615007891394505,14827968
3,500,1615007891400152,14687642
3,500,1615007891410266,14273339
3,500,1615007891410440,14085508
3,500,1615007891410593,14007948
3,500,1615007891412359,13738483
3,500,1615007891419785,14203346
3,500,1615007891420558,14669253
3,500,1615007891425531,13998286
3,500,1615007891444099,14635090
3,500,1615007891461238,14012409
3,500,1615007891462051,13801807
3,500,1615007891463001,14648009
3,500,1615007891473463,12433699
3,500,1615007891477831,7873254
3,500,1615007891547846,14227456
3,500,1615007891562524,12572885
3,500,1615007891562744,7682173
3,500,1615007891576536,13860008
3,500,1615007891587288,14723291
3,500,1615007891607560,14280689
3,500,1615007891624463,7632250
3,500,1615007891630432,13749310
3,500,1615007891641623,7542077
3,500,1615007891655141,12597747
3,500,1615007891657959,12635498
3,500,1615007891667300,14425735
3,500,1615007891681233,14342689
3,500,1615007891701909,15486373
3,500,1615007891712353,14327584
3,500,1615007891720071,12569577
3,500,1615007891720247,7565428
3,500,1615007891720374,14040265
3,500,1615007891749236,12604564
3,500,1615007891750266,14013453
3,500,1615007891760354,7563861
3,500,1615007891797323,14487246
3,500,1615007891802484,13889737
3,500,1615007891810197,12763335
3,500,1615007891826627,14754823
3,500,1615007891838222,15601586
3,500,1615007891844353,14381880
3,500,1615007891852736,12678486
3,500,1615007891856080,14342964
3,500,1615007891871934,12713680
3,500,1615007891877101,7630724
3,500,1615007891892540,14178866
3,500,1615007891913252,15669912
3,500,1615007891914957,14274405
3,500,1615007891933980,14268280
3,500,1615007891940859,15651386
3,500,1615007891958969,14281055
3,500,1615007891965744,15669000
3,500,1615007891973955,14289874
3,500,1615007891976212,15605772
3,500,1615007891982128,14207534
3,500,1615007891988973,15604567
3,500,1615007891998990,12944792
3,500,1615007892005754,7719373
3,500,1615007892014773,14259690
3,500,1615007892014908,14098807
3,500,1615007892026579,14169427
3,500,1615007892039794,12801888
3,500,1615007892056037,14560296
3,500,1615007892067096,14995016
3,500,1615007892070531,12889966
3,500,1615007892070653,15624166
3,500,1615007892092020,12813676
3,500,1615007892092267,7794131
3,500,1615007892105388,14191922
3,500,1615007892162688,14386082
3,500,1615007892163995,14233294
3,500,1615007892164647,14636019
3,500,1615007892164881,13093020
3,500,1615007892164950,7850089
3,500,1615007892173477,14293863
3,500,1615007892175911,7850769
3,500,1615007892197393,14607846
3,500,1615007892197497,12990118
3,500,1615007892197536,15688115
3,500,1615007892200850,14386819
3,500,1615007892201047,14219950
3,500,1615007892206648,7879608
3,500,1615007892234306,12868027
3,500,1615007892238158,15146998
3,500,1615007892239762,7906755
3,500,1615007892243872,13009339
3,500,1615007892267009,13175325
3,500,1615007892271135,14320581
3,500,1615007892291005,14347968
3,500,1615007892321643,15784247
3,500,1615007892322043,14465795
3,500,1615007892322146,14230124
3,500,1615007892331744,7981395
3,500,1615007892332086,7916808
3,500,1615007892335104,12952484
3,500,1615007892335242,14717630
3,500,1615007892335457,13065870
3,500,1615007892340269,15170063
3,500,1615007892353767,12890736
3,500,1615007892376272,7925674
3,500,1615007892410196,14433271
3,500,1615007892425683,13094537
3,500,1615007892442326,15876995
3,500,1615007892467963,14490207
3,500,1615007892494239,15910372
3,500,1615007892521477,13018208
3,500,1615007892554145,14523910
3,500,1615007892565008,14506574
3,500,1615007892565082,15015460
3,500,1615007892571009,14929841
3,500,1615007892589878,13055033
3,500,1615007892645978,13036806
3,500,1615007892646075,13189999
3,500,1615007892678599,8084985
3,500,1615007892715019,16119549
3,500,1615007892715059,8105017
3,500,1615007892725531,15467746
3,500,1615007892778576,15055398
3,500,1615007892810625,13294713
3,500,1615007892815339,14898842
3,500,1615007892858159,15182996
3,500,1615007892858263,14816736
3,500,1615007892872589,14789969
3,500,1615007892887112,15594839
3,500,1615007892887182,14633785
3,500,1615007892896430,13334864
3,500,1615007892932470,14890541
3,500,1615007892936582,15182199
3,500,1615007892963189,15105536
3,500,1615007892969659,15089567
3,500,1615007892978949,15636668
3,500,1615007892997229,15097917
3,500,1615007893014330,13643325
3,500,1615007893015793,15073187
3,500,1615007893026000,13402187
3,500,1615007893077509,8355477
3,500,1615007893089424,15231406
3,500,1615007893090019,15085391
3,500,1615007893099135,14989336
3,500,1615007893136917,8371304
3,500,1615007893149633,13455608
3,500,1615007893162670,13452459
3,500,1615007893199164,16590920
3,500,1615007893199441,15259851
3,500,1615007893276272,15011125
3,500,1615007893284767,14871616
3,500,1615007893291144,8520211
3,500,1615007893303808,8517611
3,500,1615007893305157,13858919
3,500,1615007893315142,15434540
3,500,1615007893322437,13544266
3,500,1615007893337130,13367137
3,500,1615007893351085,15955058
3,500,1615007893351821,15313243
3,500,1615007893356858,13541961
3,500,1615007893360803,13387421
3,500,1615007893366973,16631683
3,500,1615007893377897,8551440
3,500,1615007893394890,15252227
3,500,1615007893433487,15317493
3,500,1615007893433580,14996429
3,500,1615007893433644,13442206
3,500,1615007893463358,15553276
3,500,1615007893463702,15083732
3,500,1615007893469863,8629520
3,500,1615007893477455,13992633
3,500,1615007893504193,8581685
3,500,1615007893508090,15365824
3,500,1615007893522428,15465471
3,500,1615007893522990,15035161
3,500,1615007893539860,16764577
3,500,1615007893555253,14009875
3,500,1615007893568896,15142633
3,500,1615007893575459,15375721
3,500,1615007893581654,14831671
3,500,1615007893595599,16764481
3,500,1615007893610119,13987962
3,500,1615007893612882,15185806
3,500,1615007893625630,16219296
3,500,1615007893642933,16730176
3,500,1615007893643900,15438083
3,500,1615007893647784,13954590
3,500,1615007893647888,14896177
3,500,1615007893669208,15513335
3,500,1615007893669979,8741165
3,500,1615007893676236,15399144
3,500,1615007893676333,14846887
3,500,1615007893680306,15209627
3,500,1615007893687159,13961337
3,500,1615007893687719,16774486
3,500,1615007893700076,15384057
3,500,1615007893722892,15207597
3,500,1615007893759611,13930336
3,500,1615007893816664,14913892
3,500,1615007893816791,8796295
3,500,1615007893840349,13788322
3,500,1615007893856073,14078979
3,500,1615007893876148,16944887
3,500,1615007893879728,15689445
3,500,1615007893928157,8907549
3,500,1615007893935040,15664899
3,500,1615007893967985,15736753
3,500,1615007894016907,8938438
3,500,1615007894023710,15331361
3,500,1615007894034080,14165479
3,500,1615007894040566,13959378
3,500,1615007894074183,15707155
3,500,1615007894096790,8914475
3,500,1615007894110980,15171673
3,500,1615007894126281,14345945
3,500,1615007894138281,16720445
3,500,1615007894138651,15759113
3,500,1615007894155265,15774292
3,500,1615007894172975,15920029
3,500,1615007894182095,17179217
3,500,1615007894207002,8984781
3,500,1615007894218753,15957859
3,500,1615007894268260,14338470
3,500,1615007894268834,15260933
3,500,1615007894310274,15598675
3,500,1615007894315068,9090178
3,500,1615007894318859,14162855
3,500,1615007894344959,15791716
3,500,1615007894369578,14561878
3,500,1615007894379497,9146148
3,500,1615007894401584,17338632
3,500,1615007894419254,16038107
3,500,1615007894434080,16736029
3,500,1615007894450404,9118278
3,500,1615007894471259,14526890
3,500,1615007894471381,14294580
3,500,1615007894479111,15494197
3,500,1615007894495301,14537097
3,500,1615007894513550,14461179
3,500,1615007894534389,15934674
3,500,1615007894538435,14476738
3,500,1615007894546792,14419451
3,500,1615007894563798,16293369
3,500,1615007894569698,15365563
3,500,1615007894591005,14333789
3,500,1615007894625142,14333238
3,500,1615007894635153,14202032
3,500,1615007894646722,14206983
3,500,1615007894650410,14182584
3,500,1615007894667587,14191492
3,500,1615007894676617,14129149
3,500,1615007894687409,14112146
3,500,1615007894724379,14077178
3,500,1615007894724601,14007114
3,500,1615007894744764,13857916
3,500,1615007894755812,13658300
3,500,1615007894758982,13655729
3,500,1615007894774370,13517383
3,500,1615007894774605,13484790
3,500,1615007894790646,13490632
3,500,1615007894797215,13486359
3,500,1615007894821993,13498662
3,500,1615007894822460,13436755
3,500,1615007894822494,16393671
3,500,1615007894823547,9474274
3,500,1615007894834719,15005162
3,500,1615007894856479,16147396
3,500,1615007894866563,16469707
3,500,1615007894866695,15579779
3,500,1615007894924638,9490806
3,500,1615007894932776,14626036
3,500,1615007894942069,15062313
3,500,1615007894977885,17239532
3,500,1615007894978849,16680769
3,500,1615007894985778,13464685
3,500,1615007895007098,9433417
3,500,1615007895032696,17927505
3,500,1615007895067898,15980069
3,500,1615007895068307,9487146
3,500,1615007895071003,14748544
3,500,1615007895084605,16671062
3,500,1615007895095638,16375776
3,500,1615007895102046,16639790
3,500,1615007895189390,15874598
3,500,1615007895210725,9615788
3,500,1615007895239975,16476531
3,500,1615007895240461,13676836
3,500,1615007895263166,16962764
3,500,1615007895276982,9676680
3,500,1615007895277135,17530726
3,500,1615007895289605,14927945
3,500,1615007895289893,15350857
3,500,1615007895324721,16235204
3,500,1615007895337704,18214913
3,500,1615007895337779,16882447
3,500,1615007895338477,9711583
3,500,1615007895381660,15005664
3,500,1615007895384085,16890478
3,500,1615007895400258,9678634
3,500,1615007895410274,13737237
3,500,1615007895432820,18263028
3,500,1615007895458400,16357966
3,500,1615007895458550,9712574
3,500,1615007895467447,16805312
3,500,1615007895474524,13645481
3,500,1615007895490283,18162809
3,500,1615007895490591,15008771
3,500,1615007895498374,9658737
3,500,1615007895535562,16369104
3,500,1615007895535715,9450857
3,500,1615007895541991,15026622
3,500,1615007895548516,13684280
3,500,1615007895573948,16862040
3,500,1615007895574151,16207123
3,500,1615007895578750,13581379
3,500,1615007895587102,16823258
3,500,1615007895592689,15600996
3,500,1615007895592862,16830967
3,500,1615007895602653,13594928
3,500,1615007895636366,16807191
3,500,1615007895636525,9405453
3,500,1615007895639963,17850786
3,500,1615007895640805,17325387
3,500,1615007895655623,13604178
3,500,1615007895656009,16791458
3,500,1615007895676885,13608009
3,500,1615007895683569,16761737
3,500,1615007895690223,18287935
3,500,1615007895723857,13491625
3,500,1615007895724352,13369963
3,500,1615007895725583,17209808
3,500,1615007895726617,16773149
3,500,1615007895749193,13394353
3,500,1615007895772608,16782213
3,500,1615007895851383,13448082
3,500,1615007895852385,13438037
3,500,1615007895867009,13348998
3,500,1615007895872381,9616558
3,500,1615007895873813,15303882
3,500,1615007895874320,16699707
3,500,1615007895874686,16603283
3,500,1615007895893662,17042218
3,500,1615007895917114,9623681
3,500,1615007895917321,16743196
3,500,1615007895955659,18517974
3,500,1615007895956745,15800441
3,500,1615007895957449,9656152
3,500,1615007895971798,16585407
3,500,1615007895983369,15402102
3,500,1615007895985131,16679809
3,500,1615007896024297,17137207
3,500,1615007896052890,9731417
3,500,1615007896053225,9651628
3,500,1615007896085605,13531079
3,500,1615007896085966,9661055
3,500,1615007896086354,16833199
3,500,1615007896132864,17499495
3,500,1615007896171342,18722920
3,500,1615007896173337,9676679
3,500,1615007896174246,16741828
3,500,1615007896174838,15592581
3,500,1615007896201297,16875351
3,500,1615007896203044,17315313
3,500,1615007896206832,13622321
3,500,1615007896228977,16039442
3,500,1615007896245292,18389906
3,500,1615007896268913,17900945
3,500,1615007896351537,17676249
3,500,1615007896368105,9813884
3,500,1615007896369022,16791401
3,500,1615007896391279,17411956
3,500,1615007896393233,15781323
3,500,1615007896406681,17045217
3,500,1615007896408679,9797436
3,500,1615007896420513,17380163
3,500,1615007896448130,18021694
3,500,1615007896469001,16153406
3,500,1615007896540832,15882142
3,500,1615007896545134,15881817
3,500,1615007896547771,15864532
3,500,1615007896549979,9919310
3,500,1615007896552741,9842946
3,500,1615007896552881,9842333
3,500,1615007896553011,9792596
3,500,1615007896553433,18695012
3,500,1615007896553772,18655094
3,500,1615007896568032,17487357
3,500,1615007896568239,17311232
3,500,1615007896575495,18116087
3,500,1615007896576427,17236919
3,500,1615007896609163,15897135
3,500,1615007896625362,15887769
3,500,1615007896625483,15876318
3,500,1615007896629171,15755540
3,500,1615007896643604,15748479
3,500,1615007896647103,15729361
3,500,1615007896649550,19075457
3,500,1615007896666774,15636644
3,500,1615007896687361,15645628
3,500,1615007896694444,15583267
3,500,1615007896694587,15580217
3,500,1615007896727124,15485966
3,500,1615007896727247,15333927
3,500,1615007896727946,17139039
3,500,1615007896728290,9952840
3,500,1615007896734488,15239952
3,500,1615007896762029,15239170
3,500,1615007896772553,15222212
3,500,1615007896773202,15066121
3,500,1615007896773604,15055002
3,500,1615007896818580,15074419
3,500,1615007896818701,15028777
3,500,1615007896847011,14944405
3,500,1615007896874478,17411993
3,500,1615007896875795,14286646
3,500,1615007896877761,17608836
3,500,1615007896878312,17917922
3,500,1615007896943662,19354723
3,500,1615007896956880,17492577
3,500,1615007896987312,10211499
3,500,1615007896987813,14979323
3,500,1615007897023830,16679881
3,500,1615007897025881,17591360
3,500,1615007897040296,17618670
3,500,1615007897041526,17416356
3,500,1615007897059677,10142111
3,500,1615007897072079,14481041
3,500,1615007897111455,18134517
3,500,1615007897111983,10057510
3,500,1615007897163991,10013734
3,500,1615007897187168,14593384
3,500,1615007897206644,17692053
3,500,1615007897207910,9944189
3,500,1615007897208253,9908096
3,500,1615007897264313,9943981
3,500,1615007897276836,9902514
3,500,1615007897277317,9724370
3,500,1615007897281010,9727519
3,500,1615007897285112,19667774
3,500,1615007897312551,15270011
3,500,1615007897321411,16976568
3,500,1615007897351217,17927233
3,500,1615007897351639,9636096
3,500,1615007897377254,18909067
3,500,1615007897377712,19357530
3,500,1615007897395143,17685149
3,500,1615007897448791,14832461
3,500,1615007897458874,17896907
3,500,1615007897501085,18022931
3,500,1615007897511663,18532621
3,500,1615007897515695,19492476
3,500,1615007897532302,19060040
3,500,1615007897596597,19543480
3,500,1615007897601682,19018382
3,500,1615007897613324,19873398
3,500,1615007897667361,9948373
3,500,1615007897689702,18252327
3,500,1615007897724445,17337343
3,500,1615007897724739,14966823
3,500,1615007897735722,18158780
3,500,1615007897736147,18011636
3,500,1615007897748785,15637449
3,500,1615007897749198,18601753
3,500,1615007897752809,9992309
3,500,1615007897783353,18315828
3,500,1615007897840532,9986080
3,500,1615007897840834,17430403
3,500,1615007897865875,17943530
3,500,1615007897866303,18679051
3,500,1615007897883724,18405197
3,500,1615007897921762,19861474
3,500,1615007897922081,19309346
3,500,1615007897949691,15749371
3,500,1615007897961066,17520628
3,500,1615007897968702,18667919
3,500,1615007897989398,20199775
3,500,1615007897989696,17997614
3,500,1615007897990218,18415720
3,500,1615007898017604,17556676
3,500,1615007898019361,18004726
3,500,1615007898039900,18644929
3,500,1615007898040101,10154084
3,500,1615007898069605,17451542
3,500,1615007898090994,18048993
3,500,1615007898091375,18651153
3,500,1615007898231025,15422807
3,500,1615007898234425,18629903
3,500,1615007898311372,18250038
3,500,1615007898340565,18843803
3,500,1615007898340810,10322909
3,500,1615007898358442,17726917
3,500,1615007898436165,18802077
3,500,1615007898499234,18887476
3,500,1615007898510831,16297306
3,500,1615007898514476,10439968
3,500,1615007898519201,20498726
3,500,1615007898560555,15724366
3,500,1615007898560958,10433773
3,500,1615007898561615,18942272
3,500,1615007898562091,18434368
3,500,1615007898587864,18895087
3,500,1615007898591719,10382820
3,500,1615007898591907,19977476
3,500,1615007898617037,19080507
3,500,1615007898629495,17900377
3,500,1615007898632749,19018255
3,500,1615007898632888,16395785
3,500,1615007898633039,20558985
3,500,1615007898645216,10291821
3,500,1615007898692049,10270807
3,500,1615007898693087,20013650
3,500,1615007898722244,20566664
3,500,1615007898723565,10226991
3,500,1615007898746652,10224996
3,500,1615007898777972,20576433
3,500,1615007898778223,10220563
3,500,1615007898778311,19984785
3,500,1615007898796182,10186783
3,500,1615007898812738,10167451
3,500,1615007898856750,20741602
3,500,1615007898857035,10116553
3,500,1615007898942937,20062482
3,500,1615007898945216,19285487
3,500,1615007898986845,19377919
3,500,1615007899030039,16189623
3,500,1615007899030436,19214451
3,500,1615007899031976,20804653
3,500,1615007899032251,18894343
3,500,1615007899034032,10249200
3,500,1615007899034224,16793623
3,500,1615007899093173,19391764
3,500,1615007899170446,18316292
3,500,1615007899170599,19537245
3,500,1615007899171317,10332962
3,500,1615007899172681,19300772
3,500,1615007899173562,16906029
3,500,1615007899173817,19264480
3,500,1615007899187967,20191941
3,500,1615007899217245,16160163
3,500,1615007899217380,20901732
3,500,1615007899217470,21087901
3,500,1615007899283117,10393233
3,500,1615007899343948,19527603
3,500,1615007899344189,19403586
3,500,1615007899359321,19204695
3,500,1615007899368621,19408060
3,500,1615007899401873,17076816
3,500,1615007899403126,19757988
3,500,1615007899433575,10463234
3,500,1615007899488306,20415948
3,500,1615007899495747,18608195
3,500,1615007899541991,19338737
3,500,1615007899587966,21220501
3,500,1615007899594950,18680665
3,500,1615007899599651,19909113
3,500,1615007899601018,10587664
3,500,1615007899617394,16499469
3,500,1615007899618844,19613800
3,500,1615007899619155,18598165
3,500,1615007899619494,19868688
3,500,1615007899625614,19620881
3,500,1615007899627168,19391441
3,500,1615007899647912,21485560
3,500,1615007899655278,19751875
3,500,1615007899691444,17258770
3,500,1615007899721816,10644152
3,500,1615007899732791,19487809
3,500,1615007899751581,19980318
3,500,1615007899785194,19771188
3,500,1615007899796793,18769199
3,500,1615007899798453,21565484
3,500,1615007899813670,19897181
3,500,1615007899834374,20056424
3,500,1615007899834582,19723932
3,500,1615007899834708,19459045
3,500,1615007899854517,18720278
3,500,1615007899865337,21627369
3,500,1615007899888280,20810020
3,500,1615007899894273,19960726
3,500,1615007899925907,10785082
3,500,1615007899952757,19506053
3,500,1615007899953984,17469109
3,500,1615007899954948,19624505
3,500,1615007899974880,19947285
3,500,1615007900000849,20185539
3,500,1615007900004911,16884375
3,500,1615007900026282,21584483
3,500,1615007900035040,10827761
3,500,1615007900050080,18797852
3,500,1615007900212480,21952384
3,500,1615007900250926,20408295
3,500,1615007900315670,17183414
3,500,1615007900315811,11039651
3,500,1615007900315924,19804698
3,500,1615007900316114,19858182
3,500,1615007900316282,20223859
3,500,1615007900318002,20276493
3,500,1615007900331335,17776280
3,500,1615007900362023,11025949
3,500,1615007900421696,11022567
3,500,1615007900426544,19162368
3,500,1615007900483899,11007957
3,500,1615007900500931,17930924
3,500,1615007900583453,11051865
3,500,1615007900583591,11026467
3,500,1615007900583698,10923482
3,500,1615007900583733,10886687
3,500,1615007900583860,10825264
3,500,1615007900615080,18023588
3,500,1615007900615424,17924019
3,500,1615007900615532,17904102
3,500,1615007900617469,22204704
3,500,1615007900617921,20556915
3,500,1615007900635272,20708083
3,500,1615007900636870,10775238
3,500,1615007900637192,10743664
3,500,1615007900637679,10697007
3,500,1615007900656674,10672862
3,500,1615007900657757,17939235
3,500,1615007900657879,17805145
3,500,1615007900710899,10679051
3,500,1615007900714864,10657310
3,500,1615007900719709,10638639
3,500,1615007900720046,21629377
3,500,1615007900720551,20611696
3,500,1615007900725133,20240272
3,500,1615007900725691,17530101
3,500,1615007900726410,10546665
3,500,1615007900754705,17883420
3,500,1615007900758931,17866380
3,500,1615007900790218,10608514
3,500,1615007900790426,10573088
3,500,1615007900790519,10530318
3,500,1615007900790629,10457679
3,500,1615007900799313,17896906
3,500,1615007900844751,10482032
3,500,1615007900844978,10268594
3,500,1615007900845065,10114593
3,500,1615007900845125,17899771
3,500,1615007900845178,17884382
3,500,1615007900855258,22396191
3,500,1615007900855981,19578235
3,500,1615007900869540,10053466
3,500,1615007900886347,20366833
3,500,1615007900935261,10107712
3,500,1615007900935563,17955973
3,500,1615007900938475,17890862
3,500,1615007900942979,17888130
3,500,1615007900978613,17868173
3,500,1615007900983947,17822855
3,500,1615007900984278,17789146
3,500,1615007901021954,17778175
3,500,1615007901035052,22399740
3,500,1615007901035158,22395483
3,500,1615007901041305,20792633
3,500,1615007901041449,20714160
3,500,1615007901048710,10183767
3,500,1615007901052292,20897153
3,500,1615007901053317,17796596
3,500,1615007901097652,17817563
3,500,1615007901108389,20763915
3,500,1615007901108660,10134224
3,500,1615007901110557,20462500
3,500,1615007901121310,22346656
3,500,1615007901121726,22030642
3,500,1615007901121891,21120606
3,500,1615007901122035,20582708
3,500,1615007901134153,22665424
3,500,1615007901137226,20808383
3,500,1615007901150584,9927416
3,500,1615007901155616,17837375
3,500,1615007901189258,19903375
3,500,1615007901191628,17913267
3,500,1615007901216577,22394376
3,500,1615007901219067,9934963
3,500,1615007901219186,20817487
3,500,1615007901268321,9903443
3,500,1615007901298945,20955537
3,500,1615007901300109,9874591
3,500,1615007901306138,17981955
3,500,1615007901307295,21197936
3,500,1615007901307859,20673770
3,500,1615007901308151,22165917
3,500,1615007901335617,18004117
3,500,1615007901342228,9906295
3,500,1615007901373392,20649151
3,500,1615007901379138,20075243
3,500,1615007901400411,20869833
3,500,1615007901402221,22813368
3,500,1615007901412740,18027321
3,500,1615007901445140,21334980
3,500,1615007901472024,22635040
3,500,1615007901492981,10015916
3,500,1615007901498081,20769357
3,500,1615007901502865,20148355
3,500,1615007901515390,22291638
3,500,1615007901573847,18020555
3,500,1615007901590622,20929290
3,500,1615007901637338,18235760
3,500,1615007901698164,21307678
3,500,1615007901720439,10135850
3,500,1615007901720739,10131224
3,500,1615007901729570,22878407
3,500,1615007901744309,21606811
3,500,1615007901755155,21220744
3,500,1615007901789534,21041991
3,500,1615007901808635,9972689
3,500,1615007901831810,18416280
3,500,1615007901840640,9968806
3,500,1615007901841188,20367866
3,500,1615007901848275,23241564
3,500,1615007901852975,22991253
3,500,1615007901857623,18257949
3,500,1615007901859781,21242720
3,500,1615007901891595,9899743
3,500,1615007901903646,21479178
3,500,1615007901938874,22594299
3,500,1615007901955662,21801624
3,500,1615007901956438,23235999
3,500,1615007901965020,23180876
3,500,1615007901967307,22574234
3,500,1615007901967526,22551073
3,500,1615007901970374,21246448
3,500,1615007901974023,23180854
3,500,1615007902002181,22559044
3,500,1615007902002377,18546344
3,500,1615007902033121,10025861
3,500,1615007902054386,23174298
3,500,1615007902067650,21355934
3,500,1615007902070023,18397697
3,500,1615007902080018,23204087
3,500,1615007902088013,18473949
3,500,1615007902102327,22648669
3,500,1615007902116617,23187505
3,500,1615007902131094,23149532
3,500,1615007902135266,22649150
3,500,1615007902143436,21248718
3,500,1615007902143675,22622599
3,500,1615007902150755,21570233
3,500,1615007902157035,23166240
3,500,1615007902173512,22612366
3,500,1615007902190746,23177291
3,500,1615007902195596,22629135
3,500,1615007902213239,10136653
3,500,1615007902266938,20740411
3,500,1615007902275049,23212755
3,500,1615007902291021,22052488
3,500,1615007902291290,21434564
3,500,1615007902325303,22713820
3,500,1615007902325451,18677034
3,500,1615007902367002,10274392
3,500,1615007902370429,23280711
3,500,1615007902393325,18736442
3,500,1615007902397281,22779175
3,500,1615007902457160,18764093
3,500,1615007902526496,10336991
3,500,1615007902643512,23755429
3,500,1615007902650503,21937736
3,500,1615007902838605,21291564
3,500,1615007902867644,21950536
3,500,1615007902906936,19127904
3,500,1615007902920669,22026447
3,500,1615007902978906,10777588
3,500,1615007903009641,23898095
3,500,1615007903043074,23387952
3,500,1615007903111745,22068982
3,500,1615007903232999,22993436
3,500,1615007903233311,19498017
3,500,1615007903267438,11041555
3,500,1615007903302113,22639998
3,500,1615007903312804,22564922
3,500,1615007903367831,24471229
3,500,1615007903474571,19466045
3,500,1615007903490413,11077487
3,500,1615007903551917,19805195
3,500,1615007903552322,22834204
3,500,1615007903613523,22055302
3,500,1615007903635333,24482292
3,500,1615007903635618,22692986
3,500,1615007903642226,23915872
3,500,1615007903710949,22435454
3,500,1615007903711704,22983337
3,500,1615007903770872,23027676
3,500,1615007903813681,11356559
3,500,1615007903841246,23061591
3,500,1615007903868591,22896285
3,500,1615007903906847,22864335
3,500,1615007903970545,22826403
3,500,1615007904007503,24993626
3,500,1615007904010604,22855933
3,500,1615007904047852,23795600
3,500,1615007904058878,23157057
3,500,1615007904068208,22779821
3,500,1615007904084467,22786806
3,500,1615007904099261,20351149
3,500,1615007904121774,11658589
3,500,1615007904126734,22815475
3,500,1615007904139942,20015614
3,500,1615007904165240,22772327
3,500,1615007904205211,22626187
3,500,1615007904251181,22568132
3,500,1615007904293390,22465226
3,500,1615007904336069,22395940
3,500,1615007904363513,22358906
3,500,1615007904414820,22277342
3,500,1615007904455179,22262645
3,500,1615007904474980,22723329
3,500,1615007904482768,12007536
3,500,1615007904498053,22199944
3,500,1615007904539337,22235583
3,500,1615007904592010,22228269
3,500,1615007904602528,25418503
3,500,1615007904623471,24847070
3,500,1615007904643722,22145224
3,500,1615007904646748,23351536
3,500,1615007904678718,23658412
3,500,1615007904709833,22155650
3,500,1615007904754849,20895066
3,500,1615007904758057,12254397
3,500,1615007904778206,23859889
3,500,1615007904801735,25766952
3,500,1615007904847504,24552146
3,500,1615007904974533,22276150
3,500,1615007905004532,20842803
3,500,1615007905005298,12423468
3,500,1615007905005526,12404620
3,500,1615007905070288,12443545
3,500,1615007905096810,22378020
3,500,1615007905101718,12427608
3,500,1615007905177521,12428578
3,500,1615007905188208,22385374
3,500,1615007905228849,12458546
3,500,1615007905255690,23451034
3,500,1615007905288856,12419953
3,500,1615007905289463,22421037
3,500,1615007905312370,21305118
3,500,1615007905327900,12424911
3,500,1615007905358747,12453243
3,500,1615007905364150,24339591
3,500,1615007905399983,22414427
3,500,1615007905413998,12417725
3,500,1615007905433567,12431832
3,500,1615007905458959,12315974
3,500,1615007905467481,21248250
3,500,1615007905467592,24062863
3,500,1615007905485881,24540975
3,500,1615007905486982,12329879
3,500,1615007905513870,25138324
3,500,1615007905563067,25783134
3,500,1615007905566974,26382610
3,500,1615007905579901,26532419
3,500,1615007905620064,12432698
3,500,1615007905698979,23884772
3,500,1615007905790530,22785584
3,500,1615007905805175,21704204
3,500,1615007905831343,24317554
3,500,1615007905831424,24683353
3,500,1615007905843069,12629314
3,500,1615007905952324,25563166
3,500,1615007905974273,21647749
3,500,1615007906018408,24997772
3,500,1615007906021461,26940130
3,500,1615007906042437,12720387
3,500,1615007906154585,21993975
3,500,1615007906186829,23161229
3,500,1615007906187350,26379088
3,500,1615007906240487,24965979
3,500,1615007906241166,24348684
3,500,1615007906296760,12928208
3,500,1615007906298415,24738294
3,500,1615007906320733,27130084
3,500,1615007906381182,25987457
3,500,1615007906436209,13035957
3,500,1615007906468415,22107999
3,500,1615007906499817,25457634
3,500,1615007906502670,27413643
3,500,1615007906535162,25251431
3,500,1615007906587748,24685465
3,500,1615007906592267,13175260
3,500,1615007906617526,22419635
3,500,1615007906629621,25018853
3,500,1615007906676066,26613826
3,500,1615007906724823,25082986
3,500,1615007906734455,27428094
3,500,1615007906752566,24963569
3,500,1615007906822515,25014658
3,500,1615007906867069,23818300
3,500,1615007906869496,13354288
3,500,1615007906926774,24992770
3,500,1615007906952571,24946336
3,500,1615007907030946,24936750
3,500,1615007907065995,26655740
3,500,1615007907066297,27896503
3,500,1615007907083524,26008264
3,500,1615007907202476,24079144
3,500,1615007907219561,22858692
3,500,1615007907226986,24083302
3,500,1615007907230879,13705155
3,500,1615007907250612,25151193
3,500,1615007907279312,24126733
3,500,1615007907289600,22978440
3,500,1615007907312993,25398307
3,500,1615007907389431,26063252
3,500,1615007907471018,13938958
3,500,1615007907692444,23371578
3,500,1615007907777186,27696437
3,500,1615007907802501,28491216
3,500,1615007907807397,14228805
3,500,1615007907809088,24380936
3,500,1615007907923180,27476813
3,500,1615007907930022,28697053
3,500,1615007907955463,26863112
3,500,1615007907958834,23534585
3,500,1615007907963534,25787406
3,500,1615007907964637,14300074
3,500,1615007907997343,26028965
3,500,1615007908007425,26669699
3,500,1615007908280831,24836979
3,500,1615007908285897,23819293
3,500,1615007908306044,14440300
3,500,1615007908310847,14302275
3,500,1615007908311273,14281074
3,500,1615007908312539,23969610
3,500,1615007908381730,27900292
3,500,1615007908402996,26201044
3,500,1615007908404428,28883061
3,500,1615007908405451,24049095
3,500,1615007908406208,29150692
3,500,1615007908406872,27303294
3,500,1615007908436554,28282887
3,500,1615007908594782,25029961
3,500,1615007908606294,26520419
3,500,1615007908615986,14575098
3,500,1615007908685659,29425880
3,500,1615007908695635,27591778
3,500,1615007908701502,27306250
3,500,1615007908955234,24568977
3,500,1615007909019446,14954835
3,500,1615007909152165,28636499
3,500,1615007909193021,25528163
3,500,1615007909194229,27058745
3,500,1615007909234254,24744691
3,500,1615007909306462,15206615
3,500,1615007909311284,15205975
3,500,1615007909312858,30029925
3,500,1615007909319540,28203564
3,500,1615007909321088,27089296
3,500,1615007909323912,27915180
3,500,1615007909329741,29781017
3,500,1615007909340621,24846260
3,500,1615007909357959,29048484
3,500,1615007909373273,25586932
3,500,1615007909376563,24797296
3,500,1615007909385438,28803652
3,500,1615007909506159,15359540
3,500,1615007909676873,27533408
3,500,1615007909685507,25120729
3,500,1615007909692073,28256497
3,500,1615007909799462,30501247
3,500,1615007909799970,28678339
3,500,1615007909800801,27532813
3,500,1615007909802220,25978830
3,500,1615007909836656,15654101
3,500,1615007909881242,25290593
3,500,1615007909972519,29337940
3,500,1615007910202792,30635930
3,500,1615007910217508,29900114
3,500,1615007910322810,16125620
3,500,1615007910335726,25687835
3,500,1615007910375407,16036360
3,500,1615007910497639,31108324
3,500,1615007910819731,26693458
3,500,1615007910835723,26220913
3,500,1615007910847919,16492174
3,500,1615007910850952,16379705
3,500,1615007910854108,29643131
3,500,1615007910856847,28562434
3,500,1615007910857184,29405338
3,500,1615007910857668,28517337
3,500,1615007910871727,30223405
3,500,1615007910955793,26272133
3,500,1615007911057468,26894630
3,500,1615007911079693,31302055
3,500,1615007911083412,16607763
3,500,1615007911115990,30753163
3,500,1615007911200551,16634473
3,500,1615007911264592,29646346
3,500,1615007911265355,28915658
3,500,1615007911310379,31825978
3,500,1615007911352664,26709523
3,500,1615007911353434,31519581
3,500,1615007911376975,29968568
3,500,1615007911377423,30980974
3,500,1615007911427196,30769017
3,500,1615007911430559,29132910
3,500,1615007911460232,27239878
3,500,1615007911462071,16893417
3,500,1615007911462446,16826933
3,500,1615007911462795,26442583
3,500,1615007911576216,16779700
3,500,1615007911697742,16892709
3,500,1615007911754553,16945830
3,500,1615007911807976,16910482
3,500,1615007911808090,16876921
3,500,1615007911814949,16880427
3,500,1615007911879111,27608005
3,500,1615007911883337,27234979
3,500,1615007911914200,16971486
3,500,1615007911960179,30299515
3,500,1615007911960862,29567673
3,500,1615007912019241,31259955
3,500,1615007912053014,17053068
3,500,1615007912075236,26987431
3,500,1615007912081739,32214467
3,500,1615007912089365,31470847
3,500,1615007912139858,32625621
3,500,1615007912140461,30727664
3,500,1615007912151136,29826549
3,500,1615007912249924,30525534
3,500,1615007912270611,29861971
3,500,1615007912343837,27626349
3,500,1615007912345403,17306619
3,500,1615007912432490,31469840
3,500,1615007912494856,28197264
3,500,1615007912530018,17425169
3,500,1615007912540425,30163540
3,500,1615007912542695,32639537
3,500,1615007912572288,31918913
3,500,1615007912573990,27379018
3,500,1615007912642223,17525356
3,500,1615007912749275,33177104
3,500,1615007912818644,31340065
3,500,1615007912828192,27595183
3,500,1615007912829190,30359902
3,500,1615007912852331,17728370
3,500,1615007912865501,31041166
3,500,1615007912934312,28627676
3,500,1615007913029674,27757348
3,500,1615007913137733,30757127
3,500,1615007913176265,32134996
3,500,1615007913323001,17979851
3,500,1615007913406160,33495306
3,500,1615007913487529,32827125
3,500,1615007913504989,28060540
3,500,1615007913506886,29186356
3,500,1615007913529275,31694291
3,500,1615007913553947,31036196
3,500,1615007913574643,33963521
3,500,1615007913593636,32111154
3,500,1615007913718104,18277498
3,500,1615007913771985,32717477
3,500,1615007913785088,28483554
3,500,1615007913815453,32285983
3,500,1615007913824554,34167771
3,500,1615007913968228,31535922
3,500,1615007914000819,28533715
3,500,1615007914008928,29497363
3,500,1615007914037974,18588830
3,500,1615007914042846,32101482
3,500,1615007914056439,31499860
3,500,1615007914201458,33026991
3,500,1615007914253322,34290233
3,500,1615007914253787,18762646
3,500,1615007914254812,33554601
3,500,1615007914276805,31660111
3,500,1615007914278350,32315171
3,500,1615007914281099,28922297
3,500,1615007914301273,31704824
3,500,1615007914323007,28842339
3,500,1615007914506217,33331354
3,500,1615007914525800,29900361
3,500,1615007914526748,18777580
3,500,1615007914551964,32995284
3,500,1615007914632623,34922873
3,500,1615007914659665,29969857
3,500,1615007914690335,29788821
3,500,1615007914852112,29465674
3,500,1615007914886902,29177484
3,500,1615007914936894,19160596
3,500,1615007915327371,32685834
3,500,1615007915339929,35373329
3,500,1615007915343800,34631428
3,500,1615007915456956,33426114
3,500,1615007915681652,35931327
3,500,1615007915682862,34466790
3,500,1615007915683630,32985646
3,500,1615007915683797,34092525
3,500,1615007915683874,19860341
3,500,1615007915683903,19712345
3,500,1615007915683985,30624202
3,500,1615007915684014,30522499
3,500,1615007915684101,30262604
3,500,1615007915713888,30004079
3,500,1615007915843482,30618256
3,500,1615007915893758,33211812
3,500,1615007915893869,30165602
3,500,1615007915893904,35801838
3,500,1615007915893983,33704097
3,500,1615007915894060,19807716
3,500,1615007915894741,35114420
3,500,1615007915991644,33115993
3,500,1615007916072979,19899279
3,500,1615007916198152,34603467
3,500,1615007916198279,30597297
3,500,1615007916592729,36777104
3,500,1615007916594820,35352430
3,500,1615007916594888,20350756
3,500,1615007916594916,20267188
3,500,1615007916595009,30765389
3,500,1615007916595037,30744883
3,500,1615007916595121,30725571
3,500,1615007916595153,34305583
3,500,1615007916595234,31354521
3,500,1615007916595265,33905152
