4,200,1615007871191093,244711
4,200,1615007871237779,285189
4,200,1615007871288790,349109
4,200,1615007871349033,370935
4,200,1615007871354532,442809
4,200,1615007871362852,379478
4,200,1615007871388630,463110
4,200,1615007871424239,439275
4,200,1615007871424595,406528
4,200,1615007871425061,446506
4,200,1615007871430317,472553
4,200,1615007871453332,484979
4,200,1615007871495739,543773
4,200,1615007871504597,575093
4,200,1615007871611645,682848
4,200,1615007871611758,608833
4,200,1615007871619870,698849
4,200,1615007871641600,676966
4,200,1615007871641825,648517
4,200,1615007871641991,644365
4,200,1615007871642103,579352
4,200,1615007871656473,607270
4,200,1615007871671264,659023
4,200,1615007871715385,776724
4,200,1615007871739706,714788
4,200,1615007871752658,597178
4,200,1615007871769743,631953
4,200,1615007871775852,671602
4,200,1615007871801249,843840
4,200,1615007871865139,733904
4,200,1615007871870602,728606
4,200,1615007871870737,740725
4,200,1615007871873611,750426
4,200,1615007871922630,911264
4,200,1615007871940183,927258
4,200,1615007871959794,796631
4,200,1615007872114303,1093734
4,200,1615007872116032,1074725
4,200,1615007872116158,916729
4,200,1615007872116439,933697
4,200,1615007872119791,1154683
4,200,1615007872120005,1048618
4,200,1615007872121216,966822
4,200,1615007872121937,967049
4,200,1615007872122055,865817
4,200,1615007872157322,737308
4,200,1615007872157471,945826
4,200,1615007872158713,945368
4,200,1615007872165849,1153301
4,200,1615007872298696,1084991
4,200,1615007872302993,1091653
4,200,1615007872303566,1048777
4,200,1615007872304090,1039982
4,200,1615007872304774,1069600
4,200,1615007872305186,1262276
4,200,1615007872306891,1124734
4,200,1615007872331079,815198
4,200,1615007872334929,1292247
4,200,1615007872339444,1110479
4,200,1615007872339943,1062558
4,200,1615007872340364,1269356
4,200,1615007872415976,1151121
4,200,1615007872430946,1310312
4,200,1615007872538588,1183652
4,200,1615007872572256,1379863
4,200,1615007872643298,1273084
4,200,1615007872678235,1176552
4,200,1615007872911383,1500281
4,200,1615007872911926,1220066
4,200,1615007872960898,1917659
4,200,1615007872962479,1442537
4,200,1615007872981667,1466145
4,200,1615007873013328,1700686
4,200,1615007873035538,1339157
4,200,1615007873224681,2138984
4,200,1615007873232010,1875232
4,200,1615007873249967,1705389
4,200,1615007873250210,1414958
4,200,1615007873255228,1707133
4,500,1615007873263225,2050981
4,500,1615007873263535,2195050
4,500,1615007873263927,1938524
4,500,1615007873272788,1937267
4,500,1615007873285972,1943045
4,500,1615007873287235,2064900
4,500,1615007873844946,2510208
4,500,1615007873850082,2504401
4,500,1615007873858438,2411654
4,500,1615007873858694,2479421
4,500,1615007873879566,2446738
4,500,1615007873886861,2389973
4,500,1615007873889112,2324733
4,500,1615007873890831,2546548
4,500,1615007873890935,2315650
4,500,1615007873894758,2559634
4,500,1615007873898457,2521489
4,500,1615007873905526,2413557
4,500,1615007873912600,2324326
4,500,1615007873936286,2305121
4,500,1615007873942696,2611223
4,500,1615007873952970,2066325
4,500,1615007873986421,2373020
4,500,1615007873987723,2872552
4,500,1615007873994956,2297798
4,500,1615007874003530,2483209
4,500,1615007874008194,2659929
4,500,1615007874008367,2604781
4,500,1615007874013601,2401554
4,500,1615007874028184,2914512
4,500,1615007874046278,2292027
4,500,1615007874054605,2694736
4,500,1615007874055201,2266138
4,500,1615007874094146,2332840
4,500,1615007874115482,2217908
4,500,1615007874146760,2316079
4,500,1615007874147301,2269921
4,500,1615007874230254,2873803
4,500,1615007874250665,2620375
4,500,1615007874259781,3001231
4,500,1615007874281013,2382405
4,500,1615007874352583,3206127
4,500,1615007874353146,2724754
4,500,1615007874353421,2968462
4,500,1615007874359859,2940219
4,500,1615007874360022,2318595
4,500,1615007874360177,2264055
4,500,1615007874360344,2236260
4,500,1615007874363902,2438403
4,500,1615007874364150,2674411
4,500,1615007874365009,2453658
4,500,1615007874365520,2957227
4,500,1615007874398833,2984215
4,500,1615007874421256,2975022
4,500,1615007874429198,2088841
4,500,1615007874429377,2076369
4,500,1615007874433403,2469409
4,500,1615007874473648,3086106
4,500,1615007874479798,2373942
4,500,1615007874663516,2259016
4,500,1615007874666893,2251230
4,500,1615007874667166,2236228
4,500,1615007874667972,3111339
4,500,1615007874668254,3088628
4,500,1615007874671859,3016614
4,500,1615007874672497,2532467
4,500,1615007874673703,2929202
4,500,1615007874770781,3340253
4,500,1615007874774500,3355847
4,500,1615007874776530,3083225
4,500,1615007874798782,2446818
4,500,1615007874809940,2336163
4,500,1615007874816722,2340861
4,500,1615007874816799,3044125
4,500,1615007874816830,3037674
4,500,1615007874817885,2381165
4,500,1615007874827528,2389831
4,500,1615007874827847,2389545
4,500,1615007874828026,2370798
4,500,1615007874828114,2324358
4,500,1615007874830794,2276179
4,500,1615007874832109,2242227
4,500,1615007874832878,2222342
4,500,1615007874833306,2202755
4,500,1615007874833981,2136993
4,500,1615007874835240,1903267
4,500,1615007874836253,1873782
4,500,1615007874840316,1825986
4,500,1615007874840786,1749776
4,500,1615007874842505,1740595
4,500,1615007874845529,1719259
4,500,1615007874845632,1652953
4,500,1615007874846248,3264918
4,500,1615007874846510,3077690
4,500,1615007874847939,3048602
4,500,1615007874848151,2973448
4,500,1615007874849587,2873852
4,500,1615007874850070,3387320
4,500,1615007874853769,3697768
4,500,1615007874862655,3411407
4,500,1615007874862975,3394535
4,500,1615007874866276,2844129
4,500,1615007874876625,3606158
4,500,1615007874887040,2347789
4,500,1615007874895864,1663867
4,500,1615007874896091,1438318
4,500,1615007874908053,1435835
4,500,1615007874908236,1399441
4,500,1615007874908506,1333510
4,500,1615007874908874,1318530
4,500,1615007874927441,3220139
4,500,1615007874929212,2316453
4,500,1615007874930351,1233181
4,500,1615007874930616,1201188
4,500,1615007874930711,1126880
4,500,1615007874930742,1036000
4,500,1615007874956513,1058067
4,500,1615007874966761,3260995
4,500,1615007875007705,3619082
4,500,1615007875011215,1003036
4,500,1615007875011610,864870
4,500,1615007875011747,806165
4,500,1615007875019048,566341
4,500,1615007875019328,539864
4,500,1615007875020088,3553660
4,500,1615007875044487,376529
4,500,1615007875054684,3306826
4,500,1615007875100924,2963576
4,500,1615007875105933,3241515
4,500,1615007875121510,446600
4,500,1615007875121915,3132900
4,500,1615007875122682,3954655
4,500,1615007875145951,3779389
4,500,1615007875149943,371927
4,500,1615007875196622,3417198
4,500,1615007875238378,392141
4,500,1615007875262109,3842868
4,500,1615007875262437,3537245
4,500,1615007875286384,376761
4,500,1615007875292974,3779657
4,500,1615007875305810,2650822
4,500,1615007875330585,3738012
4,500,1615007875349503,387967
4,500,1615007875386209,4207766
4,500,1615007875388504,3575556
4,500,1615007875391380,3086203
4,500,1615007875416602,3505592
4,500,1615007875416896,397298
4,500,1615007875418141,364859
4,500,1615007875418570,3405570
4,500,1615007875442342,4036265
4,500,1615007875475471,3861013
4,500,1615007875487456,3796222
4,500,1615007875509111,2853544
4,500,1615007875537537,3239045
4,500,1615007875563960,3947020
4,500,1615007875575934,488852
4,500,1615007875583962,462056
4,500,1615007875601820,4148068
4,500,1615007875614412,3864889
4,500,1615007875615159,3765090
4,500,1615007875616466,2959132
4,500,1615007875637561,3690396
4,500,1615007875643180,492549
4,500,1615007875643246,447650
4,500,1615007875643442,431654
4,500,1615007875644875,3919128
4,500,1615007875646754,3225664
4,500,1615007875673555,4420244
4,500,1615007875705890,469403
4,500,1615007875708605,322456
4,500,1615007875708991,3358998
4,500,1615007875725405,4226771
4,500,1615007875730988,3035175
4,500,1615007875734894,3980275
4,500,1615007875739920,3944755
4,500,1615007875752857,334299
4,500,1615007875768784,4312516
4,500,1615007875782204,3825392
4,500,1615007875787156,300018
4,500,1615007875795019,4029015
4,500,1615007875817368,3903767
4,500,1615007875843510,305986
4,500,1615007875858703,3468193
4,500,1615007875900837,316348
4,500,1615007875912287,3330034
4,500,1615007875916015,3933503
4,500,1615007875919663,3900507
4,500,1615007875938826,3868000
4,500,1615007875938992,3845984
4,500,1615007875953838,3184025
4,500,1615007875955514,3789729
4,500,1615007875965109,3859458
4,500,1615007875996611,3864400
4,500,1615007876016929,3685863
4,500,1615007876020407,4160243
4,500,1615007876045196,400552
4,500,1615007876081732,3730068
4,500,1615007876086909,4563944
4,500,1615007876099563,3693485
4,500,1615007876122146,3209547
4,500,1615007876135691,4877635
4,500,1615007876144697,472292
4,500,1615007876156063,3728145
4,500,1615007876156249,4196562
4,500,1615007876164490,3205042
4,500,1615007876170301,3733943
4,500,1615007876188115,3205999
4,500,1615007876201584,3743636
4,500,1615007876205700,3103059
4,500,1615007876249311,540328
4,500,1615007876254652,4432287
4,500,1615007876258408,4561743
4,500,1615007876262541,4801191
4,500,1615007876280948,3887233
4,500,1615007876321250,4018267
4,500,1615007876337457,3863352
4,500,1615007876343941,604033
4,500,1615007876347177,4351158
4,500,1615007876409835,3745895
4,500,1615007876417891,653132
4,500,1615007876438527,3166177
4,500,1615007876442191,4427121
4,500,1615007876463177,675337
4,500,1615007876483240,4638563
4,500,1615007876506332,4797032
4,500,1615007876508749,5186597
4,500,1615007876510861,694348
4,500,1615007876513419,4947514
4,500,1615007876524401,3954832
4,500,1615007876529839,4049981
4,500,1615007876546129,4204890
4,500,1615007876556949,4432271
4,500,1615007876562296,718290
4,500,1615007876598346,4865026
4,500,1615007876625828,4851364
4,500,1615007876651734,4855206
4,500,1615007876662635,791175
4,500,1615007876670218,4865854
4,500,1615007876688951,4863163
4,500,1615007876718525,4855827
4,500,1615007876726652,4850609
4,500,1615007876749120,4851138
4,500,1615007876777472,4858167
4,500,1615007876801702,4777663
4,500,1615007876829065,4785223
4,500,1615007876848003,4748268
4,500,1615007876858677,3566359
4,500,1615007876859976,4716720
4,500,1615007876868391,958966
4,500,1615007876883750,4576873
4,500,1615007876923378,4572146
4,500,1615007876934041,4541927
4,500,1615007876939555,4898744
4,500,1615007876996247,637436
4,500,1615007877012030,455098
4,500,1615007877012065,5158939
4,500,1615007877012150,4100236
4,500,1615007877026618,447653
4,500,1615007877036756,449441
4,500,1615007877044508,4638116
4,500,1615007877046908,427345
4,500,1615007877054069,5422572
4,500,1615007877068719,4714846
4,500,1615007877072449,329625
4,500,1615007877077759,5481463
4,500,1615007877080444,4473355
4,500,1615007877093175,4569684
4,500,1615007877108169,345065
4,500,1615007877119557,3815696
4,500,1615007877176578,4836644
4,500,1615007877178879,387407
4,500,1615007877208703,5133788
4,500,1615007877256348,4596463
4,500,1615007877281311,5678304
4,500,1615007877281401,4322373
4,500,1615007877287854,4747012
4,500,1615007877294906,3905530
4,500,1615007877298662,5636434
4,500,1615007877298830,5429843
4,500,1615007877302501,461944
4,500,1615007877315073,4909719
4,500,1615007877322202,4969435
4,500,1615007877358534,488214
4,500,1615007877369591,4904532
4,500,1615007877419899,545208
4,500,1615007877456237,5361354
4,500,1615007877471181,249461
4,500,1615007877482480,4816467
4,500,1615007877490516,4087199
4,500,1615007877547296,5000700
4,500,1615007877552226,5130728
4,500,1615007877553416,5158907
4,500,1615007877553624,4518095
4,500,1615007877558065,5954397
4,500,1615007877572808,5559497
4,500,1615007877573862,345963
4,500,1615007877577729,5766247
4,500,1615007877655410,5180903
4,500,1615007877655718,396890
4,500,1615007877678405,5242791
4,500,1615007877683932,5268543
4,500,1615007877716256,5157712
4,500,1615007877745240,5113158
4,500,1615007877766168,443181
4,500,1615007877773648,5100597
4,500,1615007877793932,5059424
4,500,1615007877823870,4909093
4,500,1615007877853358,4891529
4,500,1615007877863124,534252
4,500,1615007877873685,5149748
4,500,1615007877873871,5436843
4,500,1615007877874827,4465983
4,500,1615007877882913,5330962
4,500,1615007877898437,6077561
4,500,1615007877899861,5854427
4,500,1615007877905086,5606974
4,500,1615007877919721,4881049
4,500,1615007877938072,577607
4,500,1615007877954628,6243673
4,500,1615007877980100,4532185
4,500,1615007877989576,5431409
4,500,1615007877994514,5690432
4,500,1615007878031330,403772
4,500,1615007878033169,5604955
4,500,1615007878046053,5476824
4,500,1615007878048555,4592472
4,500,1615007878071656,5722000
4,500,1615007878100124,4616869
4,500,1615007878107930,5509917
4,500,1615007878130034,493530
4,500,1615007878172192,501430
4,500,1615007878179002,5824293
4,500,1615007878189683,490602
4,500,1615007878201846,6327612
4,500,1615007878211820,6130739
4,500,1615007878212273,5119876
4,500,1615007878215199,6292590
4,500,1615007878215301,394733
4,500,1615007878244640,300336
4,500,1615007878300009,5813289
4,500,1615007878337033,6347066
4,500,1615007878337119,6240103
4,500,1615007878337378,5565977
4,500,1615007878339763,5701999
4,500,1615007878340000,308179
4,500,1615007878340308,4793528
4,500,1615007878345901,5333906
4,500,1615007878354316,6428269
4,500,1615007878359325,5255297
4,500,1615007878361421,281816
4,500,1615007878398430,5959744
4,500,1615007878421380,307478
4,500,1615007878457602,325495
4,500,1615007878468858,6063150
4,500,1615007878487440,5724072
4,500,1615007878507175,374013
4,500,1615007878509663,4957550
4,500,1615007878538730,293284
4,500,1615007878547392,6044028
4,500,1615007878553744,5516786
4,500,1615007878553867,5690591
4,500,1615007878561681,221379
4,500,1615007878580820,6239992
4,500,1615007878594083,6604664
4,500,1615007878613658,207572
4,500,1615007878628040,197328
4,500,1615007878630795,5483110
4,500,1615007878653133,6176735
4,500,1615007878677742,6679499
4,500,1615007878691335,229609
4,500,1615007878708101,6286263
4,500,1615007878724485,243711
4,500,1615007878744208,259841
4,500,1615007878781171,290840
4,500,1615007878786234,6350245
4,500,1615007878837823,339867
4,500,1615007878838334,5924987
4,500,1615007878840531,5929342
4,500,1615007878870046,6432718
4,500,1615007878876489,329759
4,500,1615007878882273,5245365
4,500,1615007878886206,233846
4,500,1615007878907993,6300553
4,500,1615007878908095,210054
4,500,1615007878933086,208198
4,500,1615007878943590,5983313
4,500,1615007878943838,5285119
4,500,1615007878953528,6600094
4,500,1615007878955149,132133
4,500,1615007879020671,25307
4,500,1615007879022481,5959590
4,500,1615007879101456,6403810
4,500,1615007879101986,5742049
4,500,1615007879123011,7132681
4,500,1615007879130728,7126320
4,500,1615007879187728,26780
4,500,1615007879196405,5504236
4,500,1615007879208579,6197448
4,500,1615007879209850,6172012
4,500,1615007879239247,22673
4,500,1615007879245079,6787501
4,500,1615007879296758,22975
4,500,1615007879306528,24637
4,500,1615007879309810,6652884
4,500,1615007879344313,5635000
4,500,1615007879353631,6317023
4,500,1615007879357631,46532
4,500,1615007879380614,6310247
4,500,1615007879403767,6334996
4,500,1615007879415734,7010815
4,500,1615007879420713,6017100
4,500,1615007879420982,25210
4,500,1615007879428344,7420504
4,500,1615007879431567,7401204
4,500,1615007879458068,6972673
4,500,1615007879472181,23349
4,500,1615007879490776,5707047
4,500,1615007879493682,6562298
4,500,1615007879494425,6431933
4,500,1615007879513018,23228
4,500,1615007879549738,20527
4,500,1615007879557459,6868809
4,500,1615007879576625,23083
4,500,1615007879599652,7301947
4,500,1615007879602825,21328
4,500,1615007879607623,23869
4,500,1615007879632028,6669883
4,500,1615007879639462,6489657
4,500,1615007879640678,7132963
4,500,1615007879641028,24659
4,500,1615007879648177,7232210
4,500,1615007879653013,6143166
4,500,1615007879663185,7609625
4,500,1615007879663516,5757036
4,500,1615007879702526,6609847
4,500,1615007879713767,22446
4,500,1615007879753743,7058297
4,500,1615007879794578,6531372
4,500,1615007879794659,5860192
4,500,1615007879824777,6811466
4,500,1615007879825009,6787760
4,500,1615007879834567,6541276
4,500,1615007879843275,6515071
4,500,1615007879844500,5821117
4,500,1615007879844624,5772915
4,500,1615007879847676,7131006
4,500,1615007879847771,7117154
4,500,1615007879884619,6816210
4,500,1615007879895229,38003
4,500,1615007879896339,6538977
4,500,1615007879900468,6726137
4,500,1615007879989266,5869074
4,500,1615007879990905,116740
4,500,1615007880022734,7266896
4,500,1615007880023037,7502211
4,500,1615007880023698,6930614
4,500,1615007880067543,7526137
4,500,1615007880074226,6705509
4,500,1615007880074503,139612
4,500,1615007880087231,7173578
4,500,1615007880093417,6970896
4,500,1615007880112402,7808844
4,500,1615007880112703,25481
4,500,1615007880117593,29828
4,500,1615007880146307,7185420
4,500,1615007880146581,7563978
4,500,1615007880161696,7683241
4,500,1615007880161998,6626845
4,500,1615007880197433,6972966
4,500,1615007880197571,7858139
4,500,1615007880197657,6058496
4,500,1615007880200873,7008685
4,500,1615007880204114,7081871
4,500,1615007880217699,29924
4,500,1615007880228200,25537
4,500,1615007880265805,22351
4,500,1615007880307630,21493
4,500,1615007880339807,6967328
4,500,1615007880343175,7274013
4,500,1615007880386548,8044926
4,500,1615007880404915,38392
4,500,1615007880414377,7183350
4,500,1615007880414485,7721832
4,500,1615007880414607,7164654
4,500,1615007880414639,6862234
4,500,1615007880414712,7909222
4,500,1615007880424035,6274713
4,500,1615007880463738,8111439
4,500,1615007880464729,7046978
4,500,1615007880478729,29139
4,500,1615007880490535,7342335
4,500,1615007880503469,26311
4,500,1615007880534813,6354132
4,500,1615007880548064,7254578
4,500,1615007880578119,7849951
4,500,1615007880587685,7315691
4,500,1615007880627290,23088
4,500,1615007880628504,7324971
4,500,1615007880662541,7238881
4,500,1615007880671190,7378109
4,500,1615007880676053,6468132
4,500,1615007880678629,23654
4,500,1615007880701441,8347110
4,500,1615007880710396,7172370
4,500,1615007880743593,7400021
4,500,1615007880743746,6453285
4,500,1615007880748829,25769
4,500,1615007880768594,7081969
4,500,1615007880799074,50551
4,500,1615007880811025,50907
4,500,1615007880811087,42513
4,500,1615007880812027,7405682
4,500,1615007880812260,7354954
4,500,1615007880823248,6470674
4,500,1615007880823988,6426287
4,500,1615007880824415,7012722
4,500,1615007880828203,6974126
4,500,1615007880830337,61016
4,500,1615007880898275,86267
4,500,1615007880914693,7218125
4,500,1615007880914833,7191356
4,500,1615007880914985,7141248
4,500,1615007880915167,7096733
4,500,1615007880916551,8401269
4,500,1615007880941111,6880088
4,500,1615007880952145,6511712
4,500,1615007880954407,55450
4,500,1615007880954949,6779726
4,500,1615007880961914,26893
4,500,1615007880965856,6790230
4,500,1615007880966262,7413524
4,500,1615007880977753,6797375
4,500,1615007880990286,6765733
4,500,1615007881012570,6707539
4,500,1615007881029572,6676434
4,500,1615007881030937,7858889
4,500,1615007881049628,6685198
4,500,1615007881061888,6663586
4,500,1615007881079227,7672504
4,500,1615007881148685,8754510
4,500,1615007881163851,8392609
4,500,1615007881164375,7297505
4,500,1615007881216501,6764681
4,500,1615007881224702,38703
4,500,1615007881241667,7899682
4,500,1615007881256687,6783520
4,500,1615007881296152,8830859
4,500,1615007881299128,25383
4,500,1615007881305254,8769733
4,500,1615007881314044,7761041
4,500,1615007881350717,23696
4,500,1615007881361286,7493837
4,500,1615007881389508,6888178
4,500,1615007881401389,22811
4,500,1615007881404396,7331563
4,500,1615007881459998,8547273
4,500,1615007881460260,7987155
4,500,1615007881460515,6986885
4,500,1615007881463026,8271634
4,500,1615007881463100,6790111
4,500,1615007881473444,25619
4,500,1615007881497199,22218
4,500,1615007881532926,8137549
4,500,1615007881533445,9126791
4,500,1615007881550061,21232
4,500,1615007881571929,23105
4,500,1615007881620058,6849286
4,500,1615007881632469,8097516
4,500,1615007881632644,8308037
4,500,1615007881643357,24193
4,500,1615007881664211,21425
4,500,1615007881675926,8115842
4,500,1615007881678052,6900412
4,500,1615007881685905,21709
4,500,1615007881703801,9134807
4,500,1615007881708656,8776200
4,500,1615007881715245,8732776
4,500,1615007881725652,6947488
4,500,1615007881741200,9278908
4,500,1615007881765450,6877951
4,500,1615007881770914,25658
4,500,1615007881803189,6953130
4,500,1615007881803337,7129023
4,500,1615007881812237,8409610
4,500,1615007881827755,8229105
4,500,1615007881831595,8203332
4,500,1615007881847244,23830
4,500,1615007881859522,8823276
4,500,1615007881867738,9272898
4,500,1615007881869556,8888355
4,500,1615007881879069,8464252
4,500,1615007881883230,23769
4,500,1615007881935278,48384
4,500,1615007881958093,37830
4,500,1615007881992303,6996648
4,500,1615007881992660,7214886
4,500,1615007882000328,9516920
4,500,1615007882008550,8946372
4,500,1615007882009651,8305341
4,500,1615007882011998,8565935
4,500,1615007882040457,28813
4,500,1615007882069641,8605549
4,500,1615007882080736,36838
4,500,1615007882082950,7173102
4,500,1615007882100074,8277082
4,500,1615007882112981,9506613
4,500,1615007882119336,9016227
4,500,1615007882123168,8374094
4,500,1615007882140081,26440
4,500,1615007882144499,23495
4,500,1615007882204795,8756981
4,500,1615007882204873,9714676
4,500,1615007882240631,8674165
4,500,1615007882331241,8485741
4,500,1615007882338463,9722074
4,500,1615007882340512,7523254
4,500,1615007882341059,7297335
4,500,1615007882345155,9082327
4,500,1615007882346338,8563025
4,500,1615007882360257,39457
4,500,1615007882380901,8924504
4,500,1615007882411619,9921152
4,500,1615007882419541,30426
4,500,1615007882433282,9363218
4,500,1615007882433605,8690133
4,500,1615007882460416,9837450
4,500,1615007882460882,40650
4,500,1615007882470433,8563231
4,500,1615007882470578,8511245
4,500,1615007882528672,8723979
4,500,1615007882528978,9056344
4,500,1615007882529129,7567065
4,500,1615007882546019,9273242
4,500,1615007882557408,8467342
4,500,1615007882598719,10070489
4,500,1615007882600258,9930932
4,500,1615007882628785,9126841
4,500,1615007882628935,85042
4,500,1615007882636394,7741079
4,500,1615007882649393,8678480
4,500,1615007882649506,83055
4,500,1615007882649611,7543692
4,500,1615007882664635,9515374
4,500,1615007882679401,8668406
4,500,1615007882681966,9286469
4,500,1615007882686337,8589041
4,500,1615007882709990,80778
4,500,1615007882722878,7702798
4,500,1615007882776278,106071
4,500,1615007882789615,10193961
4,500,1615007882821691,9256424
4,500,1615007882822386,139990
4,500,1615007882832330,7902465
4,500,1615007882837461,10111442
4,500,1615007882850250,7664404
4,500,1615007882876143,159947
4,500,1615007882891773,149497
4,500,1615007882930026,7876205
4,500,1615007882930705,8913480
4,500,1615007882932176,162255
4,500,1615007882949641,8974272
4,500,1615007882949756,8847288
4,500,1615007882963388,9789304
4,500,1615007882964317,9304040
4,500,1615007882970239,10351840
4,500,1615007882970485,9439217
4,500,1615007882994059,7986363
4,500,1615007883015593,8900411
4,500,1615007883054042,7966387
4,500,1615007883054158,7791733
4,500,1615007883105103,87997
4,500,1615007883129131,9836502
4,500,1615007883148259,8025976
4,500,1615007883148686,7855724
4,500,1615007883167892,9814473
4,500,1615007883215776,151281
4,500,1615007883227242,8059144
4,500,1615007883227845,7879220
4,500,1615007883249561,9791440
4,500,1615007883277304,7883740
4,500,1615007883304075,8091927
4,500,1615007883308718,9765306
4,500,1615007883309772,7834312
4,500,1615007883324208,178780
4,500,1615007883327019,9205116
4,500,1615007883341331,10477477
4,500,1615007883389597,9274123
4,500,1615007883389656,8345495
4,500,1615007883390893,9403191
4,500,1615007883390990,241944
4,500,1615007883391086,191564
4,500,1615007883393357,7954162
4,500,1615007883423925,9845574
4,500,1615007883431506,9282597
4,500,1615007883442368,9316275
4,500,1615007883481691,9813918
4,500,1615007883485618,9742916
4,500,1615007883528375,9340637
4,500,1615007883539721,8029623
4,500,1615007883572292,9378751
4,500,1615007883573791,283080
4,500,1615007883578429,9818267
4,500,1615007883627274,9761342
4,500,1615007883639502,9746818
4,500,1615007883657292,9712928
4,500,1615007883657547,321653
4,500,1615007883662889,11032817
4,500,1615007883663067,10080321
4,500,1615007883687030,9716483
4,500,1615007883703238,9683492
4,500,1615007883733453,9692444
4,500,1615007883777639,9589533
4,500,1615007883777753,9471308
4,500,1615007883781708,9348947
4,500,1615007883810635,9033590
4,500,1615007883854583,9058503
4,500,1615007883861982,8995924
4,500,1615007883899720,8971787
4,500,1615007883927015,8961737
4,500,1615007883953035,493206
4,500,1615007883981055,8947105
4,500,1615007884021471,8948952
4,500,1615007884041931,8554487
4,500,1615007884053430,340280
4,500,1615007884072971,11161600
4,500,1615007884132439,10113121
4,500,1615007884133194,9930427
4,500,1615007884167039,9962152
4,500,1615007884175230,10511036
4,500,1615007884176508,8638338
4,500,1615007884178067,8614119
4,500,1615007884186313,11555298
4,500,1615007884194650,403407
4,500,1615007884236042,10511169
4,500,1615007884243184,9127585
4,500,1615007884248010,444773
4,500,1615007884274581,11339926
4,500,1615007884310829,502076
4,500,1615007884389739,9318783
4,500,1615007884389828,410175
4,500,1615007884472759,10267594
4,500,1615007884475486,8838373
4,500,1615007884475590,10437290
4,500,1615007884475676,8874244
4,500,1615007884475707,10790660
4,500,1615007884475781,10722770
4,500,1615007884475957,11843402
4,500,1615007884476212,10223875
4,500,1615007884476354,495614
4,500,1615007884476428,422291
4,500,1615007884478395,9142968
4,500,1615007884526583,9425674
4,500,1615007884526683,10160506
4,500,1615007884527530,10267772
4,500,1615007884527758,419987
4,500,1615007884528071,395646
4,500,1615007884528336,10472785
4,500,1615007884546894,8902029
4,500,1615007884546999,11565340
4,500,1615007884547065,8875917
4,500,1615007884556068,9410534
4,500,1615007884573346,10778751
4,500,1615007884574089,11917405
4,500,1615007884612881,10160689
4,500,1615007884644735,10363922
4,500,1615007884655208,426978
4,500,1615007884659326,9882805
4,500,1615007884666595,10896310
4,500,1615007884678122,8980914
4,500,1615007884754309,505988
4,500,1615007884788155,9613686
4,500,1615007884835028,9348156
4,500,1615007884835629,560492
4,500,1615007884846649,9173944
4,500,1615007884925364,10558779
4,500,1615007884943497,667470
4,500,1615007884955955,590453
4,500,1615007884985615,493113
4,500,1615007884986416,466603
4,500,1615007884996664,9460245
4,500,1615007885006361,355619
4,500,1615007885011191,11996321
4,500,1615007885017514,312323
4,500,1615007885019503,161942
4,500,1615007885029427,10963312
4,500,1615007885030549,9295668
4,500,1615007885049639,118057
4,500,1615007885051986,112522
4,500,1615007885055092,9479169
4,500,1615007885058229,64635
4,500,1615007885069561,12406021
4,500,1615007885099454,9456286
4,500,1615007885133012,9422701
4,500,1615007885145330,9473138
4,500,1615007885178182,11325201
4,500,1615007885198710,10420135
4,500,1615007885238411,9486297
4,500,1615007885240169,11412035
4,500,1615007885242902,10045791
4,500,1615007885243359,9537533
4,500,1615007885266164,9367421
4,500,1615007885266441,9430505
4,500,1615007885268157,9296364
4,500,1615007885270831,26197
4,500,1615007885282469,10865992
4,500,1615007885294772,12256520
4,500,1615007885295174,27218
4,500,1615007885298550,11227140
4,500,1615007885307158,23728
4,500,1615007885324150,9205246
4,500,1615007885325695,9321132
4,500,1615007885338490,9146551
4,500,1615007885358287,9290504
4,500,1615007885371676,12630808
4,500,1615007885374519,22738
4,500,1615007885392591,11539178
4,500,1615007885398126,22418
4,500,1615007885404945,9166990
4,500,1615007885413138,10547803
4,500,1615007885422689,27390
4,500,1615007885437475,9697931
4,500,1615007885460412,11580865
4,500,1615007885473058,10259494
4,500,1615007885483515,9392169
4,500,1615007885519437,10848005
4,500,1615007885527629,9256337
4,500,1615007885528305,12458757
4,500,1615007885564400,11382290
4,500,1615007885574961,12660700
4,500,1615007885594611,10667180
4,500,1615007885599752,9469240
4,500,1615007885599995,28948
4,500,1615007885623677,24970
4,500,1615007885640609,11685040
4,500,1615007885682732,9158353
4,500,1615007885694747,10920439
4,500,1615007885694874,10457774
4,500,1615007885698597,10437243
4,500,1615007885706143,9846475
4,500,1615007885775474,9634566
4,500,1615007885782258,12690417
4,500,1615007885783813,24864
4,500,1615007885795000,23843
4,500,1615007885800186,11866175
4,500,1615007885826929,11463530
4,500,1615007885827039,12865659
4,500,1615007885847052,10555061
4,500,1615007885858813,10894039
4,500,1615007885865741,28014
4,500,1615007885868910,9285645
4,500,1615007885909002,28282
4,500,1615007885928010,31025
4,500,1615007885930524,9750990
4,500,1615007885962884,11996571
4,500,1615007885981630,11203301
4,500,1615007885982255,10060972
4,500,1615007886019760,9398766
4,500,1615007886151094,12079951
4,500,1615007886155731,10850976
4,500,1615007886169141,13065569
4,500,1615007886182997,23429
4,500,1615007886195932,21020
4,500,1615007886207351,11174048
4,500,1615007886208631,10020227
4,500,1615007886210516,13198921
4,500,1615007886215680,11850169
4,500,1615007886271335,9626529
4,500,1615007886278518,53561
4,500,1615007886310571,22198
4,500,1615007886311027,12335093
4,500,1615007886316799,21677
4,500,1615007886358083,10395551
4,500,1615007886367420,10150280
4,500,1615007886386020,9715488
4,500,1615007886396563,11542803
4,500,1615007886401618,12002803
4,500,1615007886429866,11375192
4,500,1615007886430216,13298666
4,500,1615007886458091,13355754
4,500,1615007886460096,11112610
4,500,1615007886497813,12407468
4,500,1615007886502406,21488
4,500,1615007886508920,10533687
4,500,1615007886510338,10211534
4,500,1615007886518900,9831008
4,500,1615007886522453,12491305
4,500,1615007886552365,23874
4,500,1615007886626543,11849352
4,500,1615007886651453,24928
4,500,1615007886651769,13491410
4,500,1615007886661819,11751157
4,500,1615007886667552,13536356
4,500,1615007886675596,10361663
4,500,1615007886685650,9863477
4,500,1615007886714441,11323076
4,500,1615007886725164,12691765
4,500,1615007886760261,21834
4,500,1615007886773857,11976268
4,500,1615007886778008,11677747
4,500,1615007886795974,10745073
4,500,1615007886810926,10496548
4,500,1615007886813365,9904978
4,500,1615007886822735,13632030
4,500,1615007886822948,13674326
4,500,1615007886846255,12724677
4,500,1615007886858646,12817226
4,500,1615007886882348,9955023
4,500,1615007886894876,10531283
4,500,1615007886895594,13582057
4,500,1615007886896498,12019885
4,500,1615007886915481,13742110
4,500,1615007886922502,25541
4,500,1615007886939376,9994606
4,500,1615007886941050,12882604
4,500,1615007886941127,25662
4,500,1615007886943116,10568628
4,500,1615007886960758,12032399
4,500,1615007886970986,13595923
4,500,1615007886977972,13649382
4,500,1615007886982753,22016
4,500,1615007886985200,10032570
4,500,1615007886995296,25217
4,500,1615007886995516,10520266
4,500,1615007887018379,12870717
4,500,1615007887055524,12089408
4,500,1615007887055703,13640506
4,500,1615007887068791,10098008
4,500,1615007887070317,58421
4,500,1615007887071399,10453480
4,500,1615007887073830,13711091
4,500,1615007887078823,12922014
4,500,1615007887101217,10083586
4,500,1615007887101733,46224
4,500,1615007887103744,13639960
4,500,1615007887105815,12071387
4,500,1615007887117706,10311802
4,500,1615007887135039,13699594
4,500,1615007887137010,12877614
4,500,1615007887137815,10067227
4,500,1615007887138533,10246631
4,500,1615007887163901,12092499
4,500,1615007887164088,13699638
4,500,1615007887182135,12219616
4,500,1615007887202107,10081588
4,500,1615007887203350,11761526
4,500,1615007887203681,13746816
4,500,1615007887204236,10243003
4,500,1615007887217944,12937628
4,500,1615007887230077,98816
4,500,1615007887230280,81205
4,500,1615007887276885,10097627
4,500,1615007887277209,13679038
4,500,1615007887277522,13568695
4,500,1615007887277606,100041
4,500,1615007887278180,12173582
4,500,1615007887283797,12137859
4,500,1615007887288068,13723155
4,500,1615007887288927,13648189
4,500,1615007887294083,13004123
4,500,1615007887294263,12942033
4,500,1615007887303291,63794
4,500,1615007887303589,11221463
4,500,1615007887308841,12124740
4,500,1615007887323643,13656215
4,500,1615007887324048,10322535
4,500,1615007887324374,13604283
4,500,1615007887326132,56051
4,500,1615007887326175,48405
4,500,1615007887326242,12962435
4,500,1615007887330736,13570126
4,500,1615007887330853,13595878
4,500,1615007887330951,12133557
4,500,1615007887346578,12949297
4,500,1615007887353915,12139909
4,500,1615007887361970,13620371
4,500,1615007887366818,13572827
4,500,1615007887370097,12936705
4,500,1615007887394185,13567010
4,500,1615007887401792,67712
4,500,1615007887405189,13638421
4,500,1615007887409735,12172111
4,500,1615007887416106,34729
4,500,1615007887416562,12154739
4,500,1615007887417774,12951698
4,500,1615007887418252,12272985
4,500,1615007887419703,25537
4,500,1615007887419996,13615764
4,500,1615007887432094,13588931
4,500,1615007887432382,27202
4,500,1615007887435933,12956149
4,500,1615007887441441,24888
4,500,1615007887461072,12168593
4,500,1615007887467595,13541378
4,500,1615007887495166,29271
4,500,1615007887529648,37700
4,500,1615007887548014,26018
4,500,1615007887555386,10367610
4,500,1615007887571651,13346570
4,500,1615007887588439,13737976
4,500,1615007887634153,12961667
4,500,1615007887668877,10651619
4,500,1615007887670245,12162384
4,500,1615007887687723,25016
4,500,1615007887712636,10481459
4,500,1615007887722247,12701655
4,500,1615007887733749,11608416
4,500,1615007887759063,12453878
4,500,1615007887764879,13769038
4,500,1615007887765185,10732903
4,500,1615007887776249,12602177
4,500,1615007887802926,10479521
4,500,1615007887803223,10742688
4,500,1615007887825465,10476205
4,500,1615007887833412,10624726
4,500,1615007887836068,33667
4,500,1615007887880844,10447795
4,500,1615007887887055,10599990
4,500,1615007887889338,28672
4,500,1615007887898173,24108
4,500,1615007887941763,10481821
4,500,1615007887945945,10600307
4,500,1615007887968499,13605449
4,500,1615007887974399,14095420
4,500,1615007887984524,24111
4,500,1615007887989596,25955
4,500,1615007888014342,12451208
4,500,1615007888021506,11880173
4,500,1615007888022676,13245141
4,500,1615007888050125,28637
4,500,1615007888056771,13002606
4,500,1615007888092199,28785
4,500,1615007888113173,22659
4,500,1615007888120272,12923661
4,500,1615007888143967,10586384
4,500,1615007888152449,10740998
4,500,1615007888222064,12063150
4,500,1615007888261214,12645598
4,500,1615007888261720,12869529
4,500,1615007888282074,14215794
4,500,1615007888284473,13196408
4,500,1615007888340410,13009836
4,500,1615007888364870,80847
4,500,1615007888372196,12024189
4,500,1615007888396148,14031149
4,500,1615007888455111,13332437
4,500,1615007888490040,12079462
4,500,1615007888522979,13173505
4,500,1615007888524779,37227
4,500,1615007888550215,25006
4,500,1615007888584466,35787
4,500,1615007888596009,12143764
4,500,1615007888613041,11191935
4,500,1615007888613436,11055382
4,500,1615007888637443,13469211
4,500,1615007888648680,53672
4,500,1615007888648803,51053
4,500,1615007888650983,13234391
4,500,1615007888678538,12154950
4,500,1615007888687988,13491990
4,500,1615007888746592,13270089
4,500,1615007888747574,14813883
4,500,1615007888777078,13564320
4,500,1615007888783845,12238052
4,500,1615007888783964,12190234
4,500,1615007888808447,12137544
4,500,1615007888837255,12155036
4,500,1615007888885370,12086944
4,500,1615007888885746,12080217
4,500,1615007888891240,12066696
4,500,1615007888892098,12029491
4,500,1615007888893057,86086
4,500,1615007888893292,58054
4,500,1615007888913122,12015704
4,500,1615007888913368,11960307
4,500,1615007888929406,11799046
4,500,1615007888929515,11726815
4,500,1615007888932186,13285440
4,500,1615007888933416,14134656
4,500,1615007888952921,11729086
4,500,1615007888953338,13442742
4,500,1615007888991150,14213783
4,500,1615007889064194,13489091
4,500,1615007889067388,13627412
4,500,1615007889067462,114996
4,500,1615007889067494,76787
4,500,1615007889068770,11838946
4,500,1615007889202291,68839
4,500,1615007889279352,11615069
4,500,1615007889280594,11854303
4,500,1615007889283176,14396147
4,500,1615007889287707,56219
4,500,1615007889289196,13846869
4,500,1615007889310315,15220574
4,500,1615007889332844,15352713
4,500,1615007889345164,11644312
4,500,1615007889349296,11905727
4,500,1615007889350573,61487
4,500,1615007889371910,13863455
4,500,1615007889377979,15147762
4,500,1615007889407431,11961305
4,500,1615007889412339,14483158
4,500,1615007889419104,47206
4,500,1615007889421059,14622487
4,500,1615007889433328,15429822
4,500,1615007889459395,11749530
4,500,1615007889462690,43051
4,500,1615007889465266,15160567
4,500,1615007889474179,13858110
4,500,1615007889569005,12250221
4,500,1615007889580833,14092946
4,500,1615007889582064,13907909
4,500,1615007889621812,13984262
4,500,1615007889622857,12150733
4,500,1615007889672905,105733
4,500,1615007889682193,76671
4,500,1615007889682729,60289
4,500,1615007889689709,15623104
4,500,1615007889701023,14705800
4,500,1615007889747700,12034442
4,500,1615007889749476,60096
4,500,1615007889809305,14256776
4,500,1615007889839507,97021
4,500,1615007889840720,12358254
4,500,1615007889847356,14965268
4,500,1615007889849582,12509775
4,500,1615007889884962,135032
4,500,1615007889885742,14222353
4,500,1615007889909468,14237964
4,500,1615007889959736,15287907
4,500,1615007889960434,153129
4,500,1615007889960719,14142831
4,500,1615007889975689,12141269
4,500,1615007890007652,12313372
4,500,1615007890035366,14992082
4,500,1615007890050751,15950683
4,500,1615007890050868,104832
4,500,1615007890055270,14453459
4,500,1615007890055437,15126401
4,500,1615007890055557,95834
4,500,1615007890074740,98706
4,500,1615007890074856,15300366
4,500,1615007890074935,14377177
4,500,1615007890075274,14298626
4,500,1615007890089347,110837
4,500,1615007890129482,15974122
4,500,1615007890146300,14407169
4,500,1615007890152244,14506935
4,500,1615007890174216,12333769
4,500,1615007890178686,15106474
4,500,1615007890204735,14409728
4,500,1615007890207659,15429191
4,500,1615007890239768,29363
4,500,1615007890255632,14396938
4,500,1615007890256667,15289926
4,500,1615007890256980,16060574
4,500,1615007890311788,14558946
4,500,1615007890311993,15449351
4,500,1615007890322929,14649826
4,500,1615007890323233,67615
4,500,1615007890323798,15218170
4,500,1615007890324046,14506688
4,500,1615007890368653,15325712
4,500,1615007890375548,51760
4,500,1615007890376933,16174971
4,500,1615007890442379,14660240
4,500,1615007890442802,14732041
4,500,1615007890461349,14603073
4,500,1615007890462097,15312478
4,500,1615007890489652,15562575
4,500,1615007890528915,15457122
4,500,1615007890535632,12823144
4,500,1615007890550333,15445366
4,500,1615007890550834,212384
4,500,1615007890563686,14756124
4,500,1615007890567424,13227191
4,500,1615007890568807,14824684
4,500,1615007890663657,16266850
4,500,1615007890675890,299898
4,500,1615007890724031,295748
4,500,1615007890732340,12800917
4,500,1615007890738860,14853836
4,500,1615007890756909,15607595
4,500,1615007890795804,15831285
4,500,1615007890814086,246670
4,500,1615007890814454,53954
4,500,1615007890822955,14950805
4,500,1615007890823027,14951954
4,500,1615007890823169,15637524
4,500,1615007890893217,13471831
4,500,1615007890900267,15131494
4,500,1615007890912909,13160443
4,500,1615007890936628,15752098
4,500,1615007890972090,16550845
4,500,1615007890983742,220439
4,500,1615007890988537,12997048
4,500,1615007891005001,15089786
4,500,1615007891014957,13240891
4,500,1615007891036810,180380
4,500,1615007891055206,16022088
4,500,1615007891062351,15850905
4,500,1615007891128689,15213079
4,500,1615007891138412,13323206
4,500,1615007891138538,13107877
4,500,1615007891145948,16693590
4,500,1615007891154134,13116532
4,500,1615007891154229,15253401
4,500,1615007891155880,15217684
4,500,1615007891187154,15972437
4,500,1615007891189821,330538
4,500,1615007891197330,16142775
4,500,1615007891219386,15360125
4,500,1615007891219493,13378645
4,500,1615007891280651,13836403
4,500,1615007891329766,16850515
4,500,1615007891329835,13246667
4,500,1615007891329867,15380498
4,500,1615007891330065,16091699
4,500,1615007891344711,13480518
4,500,1615007891344901,434214
4,500,1615007891351889,16140827
4,500,1615007891353407,16253634
4,500,1615007891370009,370122
4,500,1615007891383037,16168636
4,500,1615007891383182,16145253
4,500,1615007891398551,16136454
4,500,1615007891415361,16122716
4,500,1615007891439651,16133855
4,500,1615007891458171,16110258
4,500,1615007891460949,13337210
4,500,1615007891470608,376743
4,500,1615007891532070,373552
4,500,1615007891549128,301048
4,500,1615007891550564,15611976
4,500,1615007891565920,13644397
4,500,1615007891566081,15635332
4,500,1615007891568602,175566
4,500,1615007891581745,14034482
4,500,1615007891584619,15694698
4,500,1615007891587687,16301317
4,500,1615007891622876,154334
4,500,1615007891626133,15645910
4,500,1615007891627163,16963671
4,500,1615007891627281,16488967
4,500,1615007891664697,13507820
4,500,1615007891681852,15716511
4,500,1615007891689586,152658
4,500,1615007891719717,14144431
4,500,1615007891725937,15809931
4,500,1615007891726199,15529934
4,500,1615007891750688,13825223
4,500,1615007891753716,13566328
4,500,1615007891777230,16384473
4,500,1615007891788061,17113363
4,500,1615007891788214,153462
4,500,1615007891788331,15783468
4,500,1615007891788621,16484758
4,500,1615007891802618,160336
4,500,1615007891810058,143944
4,500,1615007891828851,16655270
4,500,1615007891838615,153571
4,500,1615007891844127,15823417
4,500,1615007891850302,15644676
4,500,1615007891872260,13935072
4,500,1615007891872386,14288927
4,500,1615007891934312,13711635
4,500,1615007892001066,16062250
4,500,1615007892001259,17223347
4,500,1615007892015461,15905311
4,500,1615007892030862,199772
4,500,1615007892044820,16399043
4,500,1615007892044969,208168
4,500,1615007892048249,16573236
4,500,1615007892062816,206770
4,500,1615007892073981,14111407
4,500,1615007892090556,13828851
4,500,1615007892090666,16894439
4,500,1615007892092977,15872873
4,500,1615007892101722,14419501
4,500,1615007892121063,210504
4,500,1615007892177159,16053900
4,500,1615007892179095,17361344
4,500,1615007892196843,16687746
4,500,1615007892200908,14230716
4,500,1615007892201008,14510758
4,500,1615007892201337,220368
4,500,1615007892209000,16535460
4,500,1615007892222101,13944917
4,500,1615007892231524,209427
4,500,1615007892239695,15910445
4,500,1615007892246358,14518670
4,500,1615007892261071,14260373
4,500,1615007892271029,17057910
4,500,1615007892347476,16783882
4,500,1615007892348114,17452263
4,500,1615007892348621,13848784
4,500,1615007892348864,13776776
4,500,1615007892363214,16239641
4,500,1615007892363747,16639006
4,500,1615007892364229,14356050
4,500,1615007892364484,14321496
4,500,1615007892406092,16189277
4,500,1615007892460157,366711
4,500,1615007892473756,13782448
4,500,1615007892523323,17286551
4,500,1615007892523776,16080258
4,500,1615007892529398,14482016
4,500,1615007892539866,16367282
4,500,1615007892542886,17612554
4,500,1615007892559001,13850910
4,500,1615007892569498,16095713
4,500,1615007892575782,16675719
4,500,1615007892591370,14373547
4,500,1615007892593405,16640012
4,500,1615007892601852,13876246
4,500,1615007892617409,17356538
4,500,1615007892628834,17617631
4,500,1615007892629817,450036
4,500,1615007892668793,422452
4,500,1615007892680075,16714980
4,500,1615007892696691,14874803
4,500,1615007892711142,16401694
4,500,1615007892725778,349103
4,500,1615007892734572,14314103
4,500,1615007892734667,17118209
4,500,1615007892775538,372865
4,500,1615007892790898,14037053
4,500,1615007892813665,16638138
4,500,1615007892829235,396928
4,500,1615007892847501,386778
4,500,1615007892857999,16899956
4,500,1615007892909281,16673079
4,500,1615007892911530,17243879
4,500,1615007892931023,16609038
4,500,1615007892934823,16390157
4,500,1615007892950961,16596444
4,500,1615007892969227,16592451
4,500,1615007892983769,16573313
4,500,1615007893001213,16477342
4,500,1615007893026623,16496796
4,500,1615007893042566,300674
4,500,1615007893092579,17804004
4,500,1615007893110574,14353885
4,500,1615007893120864,14679610
4,500,1615007893121907,17425148
4,500,1615007893197471,15312855
4,500,1615007893198459,18153984
4,500,1615007893203027,17002797
4,500,1615007893212897,14749527
4,500,1615007893213116,216300
4,500,1615007893217053,16653209
4,500,1615007893234961,17229670
4,500,1615007893274066,14456810
4,500,1615007893296426,16952874
4,500,1615007893314934,16768817
4,500,1615007893316457,18012155
4,500,1615007893318918,18246009
4,500,1615007893326495,14698691
4,500,1615007893340252,15446682
4,500,1615007893346613,16925199
4,500,1615007893348652,14465138
4,500,1615007893356739,17339395
4,500,1615007893366839,17635860
4,500,1615007893389322,184201
4,500,1615007893426887,18080144
4,500,1615007893427321,16836615
4,500,1615007893427389,16771557
4,500,1615007893436402,199642
4,500,1615007893508240,15606822
4,500,1615007893513709,256039
4,500,1615007893539919,14822937
4,500,1615007893546361,17103268
4,500,1615007893547102,17061212
4,500,1615007893569994,15526815
4,500,1615007893583084,18461586
4,500,1615007893591141,17060665
4,500,1615007893609680,17165444
4,500,1615007893626046,17874521
4,500,1615007893634240,15506732
4,500,1615007893643123,17057367
4,500,1615007893667699,17111071
4,500,1615007893668280,15487788
4,500,1615007893679920,17084784
4,500,1615007893696582,15465819
4,500,1615007893740528,266698
4,500,1615007893748345,17119497
4,500,1615007893763156,17627484
4,500,1615007893774027,14823999
4,500,1615007893774223,216217
4,500,1615007893787123,73035
4,500,1615007893792047,17152256
4,500,1615007893807928,18367681
4,500,1615007893813886,18663952
4,500,1615007893821148,17617257
4,500,1615007893855004,17150077
4,500,1615007893884637,17152944
4,500,1615007893982320,15256335
4,500,1615007893990595,17362169
4,500,1615007894008600,15773177
4,500,1615007894011513,18504107
4,500,1615007894018741,34992
4,500,1615007894032804,18698148
4,500,1615007894037816,14949660
4,500,1615007894054725,17799442
4,500,1615007894077759,17342997
4,500,1615007894099924,42766
4,500,1615007894114559,17481021
4,500,1615007894130862,15793851
4,500,1615007894137328,18330169
4,500,1615007894199513,15445287
4,500,1615007894202962,17453855
4,500,1615007894217206,92067
4,500,1615007894237495,15146043
4,500,1615007894309538,17620607
4,500,1615007894330604,17549039
4,500,1615007894339568,161369
4,500,1615007894369465,16029712
4,500,1615007894370862,17731815
4,500,1615007894379267,18457677
4,500,1615007894381204,18827914
4,500,1615007894381571,200271
4,500,1615007894389408,18836473
4,500,1615007894389627,18097338
4,500,1615007894418736,15661765
4,500,1615007894426513,15228847
4,500,1615007894426663,113852
4,500,1615007894465302,124687
4,500,1615007894479802,17758052
4,500,1615007894489167,15716472
4,500,1615007894493344,15277030
4,500,1615007894507848,15666629
4,500,1615007894510402,15285176
4,500,1615007894526976,15642476
4,500,1615007894536140,15292906
4,500,1615007894544542,15461783
4,500,1615007894546444,15238137
4,500,1615007894566819,15436667
4,500,1615007894570746,15202852
4,500,1615007894623583,15244547
4,500,1615007894623689,262768
4,500,1615007894625187,15436863
4,500,1615007894625814,15313394
4,500,1615007894635564,15199125
4,500,1615007894644352,17814441
4,500,1615007894644478,15289350
4,500,1615007894653366,15038385
4,500,1615007894653452,15023198
4,500,1615007894654094,15281056
4,500,1615007894660465,15253944
4,500,1615007894672842,15022582
4,500,1615007894679435,15115660
4,500,1615007894680256,14993854
4,500,1615007894685813,14915949
4,500,1615007894687834,15065303
4,500,1615007894693681,18030429
4,500,1615007894697245,14983505
4,500,1615007894744266,14924320
4,500,1615007894744402,14899524
4,500,1615007894744610,14975732
4,500,1615007894745407,14835405
4,500,1615007894755991,14640624
4,500,1615007894756060,14512489
4,500,1615007894756126,14827674
4,500,1615007894756154,14783276
4,500,1615007894759112,14699920
4,500,1615007894763688,14622048
4,500,1615007894763995,14404762
4,500,1615007894776223,14304589
4,500,1615007894776519,14610015
4,500,1615007894783624,14280566
4,500,1615007894783745,14597612
4,500,1615007894796205,14217319
4,500,1615007894797360,14563153
4,500,1615007894814039,14171571
4,500,1615007894822207,14138075
4,500,1615007894822327,14541386
4,500,1615007894822356,14463557
4,500,1615007894829524,466360
4,500,1615007894840617,19225465
4,500,1615007894845150,14485596
4,500,1615007894845954,14156093
4,500,1615007894854274,16492863
4,500,1615007894854535,446217
4,500,1615007894858999,19244594
4,500,1615007894925162,503329
4,500,1615007894929616,18172334
4,500,1615007894935233,18372682
4,500,1615007894978896,19039475
4,500,1615007894978973,305525
4,500,1615007894987272,18186273
4,500,1615007895013439,249767
4,500,1615007895030812,166595
4,500,1615007895084023,18234401
4,500,1615007895084274,207710
4,500,1615007895090973,16702550
4,500,1615007895093718,14383779
4,500,1615007895106371,14723352
4,500,1615007895153261,269788
4,500,1615007895162684,19516061
4,500,1615007895183965,18505590
4,500,1615007895215961,19490878
4,500,1615007895230156,294734
4,500,1615007895239398,18392996
4,500,1615007895249733,18656357
4,500,1615007895270906,19317087
4,500,1615007895283173,309399
4,500,1615007895317955,16859858
4,500,1615007895359518,240123
4,500,1615007895366914,14980423
4,500,1615007895367005,18609289
4,500,1615007895375369,14645891
4,500,1615007895383275,209209
4,500,1615007895399591,18391637
4,500,1615007895416413,239770
4,500,1615007895429580,18488239
4,500,1615007895443597,201707
4,500,1615007895462292,14471210
4,500,1615007895462443,15037461
4,500,1615007895462540,93893
4,500,1615007895470287,18622297
4,500,1615007895490552,66221
4,500,1615007895493024,65855
4,500,1615007895493403,18442315
4,500,1615007895502597,14490051
4,500,1615007895515436,15083176
4,500,1615007895534845,63409
4,500,1615007895558168,15056757
4,500,1615007895559391,14503123
4,500,1615007895573132,18469341
4,500,1615007895577869,19833233
4,500,1615007895578545,19904610
4,500,1615007895585974,15007872
4,500,1615007895586044,14525856
4,500,1615007895592537,18170777
4,500,1615007895600683,18812592
4,500,1615007895637121,18190633
4,500,1615007895637196,14977661
4,500,1615007895637246,14516617
4,500,1615007895641527,19683287
4,500,1615007895658334,14445602
4,500,1615007895671944,14717591
4,500,1615007895673832,18170370
4,500,1615007895720266,18113289
4,500,1615007895723597,14503030
4,500,1615007895723726,14473781
4,500,1615007895724008,14744339
4,500,1615007895724048,14719956
4,500,1615007895724303,17214110
4,500,1615007895724553,18076605
4,500,1615007895756936,18057464
4,500,1615007895789653,14310393
4,500,1615007895789976,14179984
4,500,1615007895790078,14760876
4,500,1615007895790108,14758638
4,500,1615007895790346,19124526
4,500,1615007895793849,17906896
4,500,1615007895821524,64900
4,500,1615007895840398,17890646
4,500,1615007895851066,14810500
4,500,1615007895851184,14806187
4,500,1615007895853559,61186
4,500,1615007895876163,14134493
4,500,1615007895876579,14124151
4,500,1615007895908115,54070
4,500,1615007895976040,17983200
4,500,1615007895985418,51160
4,500,1615007895991249,18964647
4,500,1615007895996034,19131080
4,500,1615007895998666,14233228
4,500,1615007896011518,14918149
4,500,1615007896030515,20258808
4,500,1615007896055581,20330187
4,500,1615007896056435,80731
4,500,1615007896073712,17457046
4,500,1615007896089015,19297201
4,500,1615007896104470,19345117
4,500,1615007896135455,20170846
4,500,1615007896183187,14338703
4,500,1615007896184736,20433575
4,500,1615007896189728,118308
4,500,1615007896219790,18164283
4,500,1615007896219919,14883999
4,500,1615007896232005,19128062
4,500,1615007896237287,20442707
4,500,1615007896339087,19466395
4,500,1615007896357173,137535
4,500,1615007896370850,134336
4,500,1615007896374057,17651482
4,500,1615007896453262,20420338
4,500,1615007896491719,19662228
4,500,1615007896540375,20455491
4,500,1615007896560910,19633131
4,500,1615007896561572,20784474
4,500,1615007896604221,130953
4,500,1615007896630096,18550951
4,500,1615007896660004,158399
4,500,1615007896735489,196393
4,500,1615007896735779,174878
4,500,1615007896735876,161196
4,500,1615007896816085,210986
4,500,1615007896823100,181543
4,500,1615007896828302,19948704
4,500,1615007896828745,15378441
4,500,1615007896868308,15012834
4,500,1615007896890456,21073557
4,500,1615007896900861,19700806
4,500,1615007896902762,18176386
4,500,1615007896923698,263054
4,500,1615007896923772,187568
4,500,1615007896924165,154148
4,500,1615007896963812,18830932
4,500,1615007896964308,137199
4,500,1615007896965455,15086405
4,500,1615007897007892,140048
4,500,1615007897009489,20005585
4,500,1615007897062641,15388249
4,500,1615007897065964,175523
4,500,1615007897087117,20130628
4,500,1615007897123255,20105173
4,500,1615007897135167,19001755
4,500,1615007897140527,15252681
4,500,1615007897150926,18387888
4,500,1615007897156901,15481456
4,500,1615007897190462,265880
4,500,1615007897216673,20237740
4,500,1615007897253015,20412941
4,500,1615007897314375,15376816
4,500,1615007897323050,21228150
4,500,1615007897331452,366595
4,500,1615007897346067,20270974
4,500,1615007897367117,15647352
4,500,1615007897368090,21572635
4,500,1615007897369182,360843
4,500,1615007897392629,19181267
4,500,1615007897399990,21528168
4,500,1615007897408223,20159512
4,500,1615007897436550,398654
4,500,1615007897467673,18550232
4,500,1615007897500750,21359195
4,500,1615007897509151,439025
4,500,1615007897596219,21315290
4,500,1615007897612918,20420263
4,500,1615007897613547,15647879
4,500,1615007897613802,15877365
4,500,1615007897613980,20705961
4,500,1615007897666969,574693
4,500,1615007897667322,572997
4,500,1615007897710055,19459628
4,500,1615007897710212,21866716
4,500,1615007897710252,20575927
4,500,1615007897763451,18783639
4,500,1615007897763621,21851343
4,500,1615007897763694,640449
4,500,1615007897763848,20445480
4,500,1615007897851227,20906295
4,500,1615007897851391,711317
4,500,1615007897886858,18831336
4,500,1615007897886969,22026862
4,500,1615007897906040,21974929
4,500,1615007897907172,20553275
4,500,1615007897914567,19603574
4,500,1615007897949790,20993709
4,500,1615007897968851,16221164
4,500,1615007897970178,814863
4,500,1615007898004367,15985476
4,500,1615007898004582,22104169
4,500,1615007898010809,18911934
4,500,1615007898013632,22073828
4,500,1615007898019489,20627937
4,500,1615007898035551,21744867
4,500,1615007898052045,20958642
4,500,1615007898067255,18965816
4,500,1615007898091416,20884876
4,500,1615007898091516,22165127
4,500,1615007898091549,20483703
4,500,1615007898091609,22052284
4,500,1615007898126858,21024940
4,500,1615007898127434,22038705
4,500,1615007898127552,22109830
4,500,1615007898127924,20514173
4,500,1615007898149755,21024294
4,500,1615007898153457,20525123
4,500,1615007898165860,22112090
4,500,1615007898166858,22007551
4,500,1615007898166958,978306
4,500,1615007898226728,21885958
4,500,1615007898226836,22172186
4,500,1615007898226904,20598176
4,500,1615007898227102,21062352
4,500,1615007898234303,21870492
4,500,1615007898234395,21060194
4,500,1615007898240907,20512497
4,500,1615007898241222,20962135
4,500,1615007898248416,22180995
4,500,1615007898259049,21871371
4,500,1615007898259196,20530371
4,500,1615007898261440,20770580
4,500,1615007898276987,22062044
4,500,1615007898300691,21880985
4,500,1615007898310676,964713
4,500,1615007898310826,20753887
4,500,1615007898358075,19176206
4,500,1615007898404719,971024
4,500,1615007898437509,16341404
4,500,1615007898437577,20686079
4,500,1615007898467362,21196730
4,500,1615007898467975,16696587
4,500,1615007898468020,22218219
4,500,1615007898468045,21257481
4,500,1615007898552233,1023780
4,500,1615007898552462,1010453
4,500,1615007898552837,20190419
4,500,1615007898587808,19354204
4,500,1615007898589772,971369
4,500,1615007898643768,22168072
4,500,1615007898644001,21059463
4,500,1615007898661487,22148563
4,500,1615007898691548,22398658
4,500,1615007898691618,1057522
4,500,1615007898691893,1024185
4,500,1615007898692696,20877220
4,500,1615007898716050,22192724
4,500,1615007898716476,22171435
4,500,1615007898716548,21114358
4,500,1615007898776188,16672345
4,500,1615007898776283,22442110
4,500,1615007898776410,20872467
4,500,1615007898794685,22249367
4,500,1615007898795356,17002913
4,500,1615007898796229,21168255
4,500,1615007898812826,22197830
4,500,1615007898858669,22437947
4,500,1615007898860048,20938830
4,500,1615007898942263,20544644
4,500,1615007898986581,21700265
4,500,1615007898986633,21692441
4,500,1615007899032857,20555491
4,500,1615007899034272,1319631
4,500,1615007899050229,22451456
4,500,1615007899095521,1365173
4,500,1615007899095606,21433372
4,500,1615007899125424,22472577
4,500,1615007899138970,16952183
4,500,1615007899139163,21217339
4,500,1615007899139290,20642545
4,500,1615007899139985,17326396
4,500,1615007899140240,22656585
4,500,1615007899167810,19897343
4,500,1615007899169676,1431715
4,500,1615007899186401,22558529
4,500,1615007899186576,21456390
4,500,1615007899217949,1443764
4,500,1615007899241227,21954472
4,500,1615007899241330,20722941
4,500,1615007899241429,1429964
4,500,1615007899268748,21966279
4,500,1615007899282803,16706375
4,500,1615007899282973,17464860
4,500,1615007899321848,22837060
4,500,1615007899322003,1466742
4,500,1615007899322126,1465716
4,500,1615007899322404,21363786
4,500,1615007899344935,22573078
4,500,1615007899344974,21596422
4,500,1615007899345369,22668836
4,500,1615007899357536,1439986
4,500,1615007899401769,22888361
4,500,1615007899402980,21239750
4,500,1615007899435733,22619123
4,500,1615007899436078,1495419
4,500,1615007899436126,21626235
4,500,1615007899475198,20144523
4,500,1615007899480890,22910739
4,500,1615007899482676,22619655
4,500,1615007899517951,21282979
4,500,1615007899521188,20992791
4,500,1615007899526031,21650158
4,500,1615007899552865,22907844
4,500,1615007899553500,21146790
4,500,1615007899553711,1598574
4,500,1615007899553766,1511448
4,500,1615007899568061,20187154
4,500,1615007899641363,1580520
4,500,1615007899641587,1508016
4,500,1615007899641748,20173701
4,500,1615007899674248,21126329
4,500,1615007899700579,22377984
4,500,1615007899792203,20142745
4,500,1615007899792305,23063263
4,500,1615007899792375,1526697
4,500,1615007899792513,17136864
4,500,1615007899793279,17855077
4,500,1615007899802418,21086088
4,500,1615007899815253,22321677
4,500,1615007899827395,1483962
4,500,1615007899834074,20177630
4,500,1615007899905304,21081959
4,500,1615007899915180,23024185
4,500,1615007899915399,21989388
4,500,1615007899936672,1495726
4,500,1615007900017867,22410437
4,500,1615007900036961,20244866
4,500,1615007900074340,1605356
4,500,1615007900075422,17377883
4,500,1615007900088667,21624933
4,500,1615007900088949,18120073
4,500,1615007900140843,21295549
4,500,1615007900203758,22791605
4,500,1615007900209703,1701778
4,500,1615007900218290,23555384
4,500,1615007900311080,1687247
4,500,1615007900311237,1674895
4,500,1615007900312417,1559707
4,500,1615007900312503,1417704
4,500,1615007900312532,1378125
4,500,1615007900312619,1251947
4,500,1615007900313468,1177925
4,500,1615007900367771,23521747
4,500,1615007900378918,18296953
4,500,1615007900388201,20563440
4,500,1615007900388388,23451949
4,500,1615007900416668,22478172
4,500,1615007900418374,1248229
4,500,1615007900500063,22857837
4,500,1615007900500475,17790842
4,500,1615007900557490,1370665
4,500,1615007900593494,22050612
4,500,1615007900666045,23239315
4,500,1615007900766954,18653991
4,500,1615007900769314,1561112
4,500,1615007900959042,24254783
4,500,1615007900966558,18123611
4,500,1615007900968603,22099135
4,500,1615007900969035,1664474
4,500,1615007900969235,1596883
4,500,1615007900981393,23735226
4,500,1615007900984717,23028458
4,500,1615007900987506,21139843
4,500,1615007901055167,23596090
4,500,1615007901071279,22498274
4,500,1615007901072287,1659256
4,500,1615007901079101,1642309
4,500,1615007901080993,1557318
4,500,1615007901089294,24108934
4,500,1615007901091282,23308137
4,500,1615007901091787,18951723
4,500,1615007901107574,18245876
4,500,1615007901132044,22255567
4,500,1615007901150177,1624156
4,500,1615007901150422,1568388
4,500,1615007901164888,24398337
4,500,1615007901186564,19004988
4,500,1615007901218015,18314271
4,500,1615007901223911,21361804
4,500,1615007901224238,1620693
4,500,1615007901252071,23990670
4,500,1615007901270873,23289062
4,500,1615007901290285,24306181
4,500,1615007901290648,22677239
4,500,1615007901295547,23507813
4,500,1615007901299156,1695219
4,500,1615007901308290,23832659
4,500,1615007901320561,1650542
4,500,1615007901329626,22415355
4,500,1615007901342032,1648704
4,500,1615007901383145,1609182
4,500,1615007901389888,24619707
4,500,1615007901392981,21508373
4,500,1615007901400704,19011087
4,500,1615007901409638,18465661
4,500,1615007901489396,24441935
4,500,1615007901490091,22496948
4,500,1615007901502331,24228614
4,500,1615007901530044,22898317
4,500,1615007901539926,23525191
4,500,1615007901540770,19049985
4,500,1615007901587312,18619943
4,500,1615007901588750,21693539
4,500,1615007901608836,1828311
4,500,1615007901648440,23849219
4,500,1615007901723243,1923958
4,500,1615007901723606,24228495
4,500,1615007901793819,19219492
4,500,1615007901812697,24995826
4,500,1615007901825922,1948876
4,500,1615007901829361,24005178
4,500,1615007901852672,1935037
4,500,1615007901860414,18782490
4,500,1615007901877047,22861799
4,500,1615007901889993,23236875
4,500,1615007901910585,24411269
4,500,1615007901913187,1984216
4,500,1615007901921949,21974702
4,500,1615007901923343,24519375
4,500,1615007901927122,24872763
4,500,1615007901975204,24911256
4,500,1615007901977390,24901969
4,500,1615007901989931,2047357
4,500,1615007901993287,24905733
4,500,1615007901995375,23933405
4,500,1615007902041917,24195513
4,500,1615007902045931,2049444
4,500,1615007902064760,19478828
4,500,1615007902067276,25171963
4,500,1615007902086553,24983726
4,500,1615007902086810,2055546
4,500,1615007902119526,24886868
4,500,1615007902137030,24836455
4,500,1615007902166747,24788396
4,500,1615007902193858,24734301
4,500,1615007902196166,2122171
4,500,1615007902221122,2119035
4,500,1615007902242077,24627424
4,500,1615007902252352,2136205
4,500,1615007902276316,22842222
4,500,1615007902291422,24781114
4,500,1615007902293349,23594922
4,500,1615007902335655,24857919
4,500,1615007902337566,2212919
4,500,1615007902377082,19256870
4,500,1615007902377264,24513595
4,500,1615007902393447,24808132
4,500,1615007902438396,22409643
4,500,1615007902457275,24330520
4,500,1615007902473380,2307456
4,500,1615007902687249,2442233
4,500,1615007902710822,23247435
4,500,1615007902824493,2566216
4,500,1615007902863494,25125810
4,500,1615007902921017,20331398
4,500,1615007903022945,25367553
4,500,1615007903082041,26174646
4,500,1615007903082129,2783876
4,500,1615007903102808,25322453
4,500,1615007903111645,23477845
4,500,1615007903121921,24347862
4,500,1615007903245122,20068091
4,500,1615007903257820,2807006
4,500,1615007903282828,25309840
4,500,1615007903338064,2744885
4,500,1615007903420100,23295875
4,500,1615007903420310,2624987
4,500,1615007903440454,25433879
4,500,1615007903451032,20716646
4,500,1615007903510082,25298283
4,500,1615007903539355,2718520
4,500,1615007903574819,23920962
4,500,1615007903633933,25939954
4,500,1615007903634969,26726165
4,500,1615007903861264,3013113
4,500,1615007903881568,20572861
4,500,1615007903950503,25853889
4,500,1615007903985016,26138115
4,500,1615007903986906,25192864
4,500,1615007903987537,23727593
4,500,1615007904018286,25806021
4,500,1615007904045721,3056309
4,500,1615007904103609,21070924
4,500,1615007904261444,3215983
4,500,1615007904413557,26388631
4,500,1615007904489074,3036778
4,500,1615007904524623,24850366
4,500,1615007904626863,26834377
4,500,1615007904640586,21296016
4,500,1615007904660886,3190371
4,500,1615007904816988,27893638
4,500,1615007904863817,21824419
4,500,1615007904865506,3376119
4,500,1615007904895240,24593832
4,500,1615007904938600,26721297
4,500,1615007905094892,26879262
4,500,1615007905095981,26210019
4,500,1615007905115090,27177042
4,500,1615007905117542,3615227
4,500,1615007905254775,21884372
4,500,1615007905286973,27219598
4,500,1615007905293201,3701554
4,500,1615007905389566,25656681
4,500,1615007905402916,3750586
4,500,1615007905533202,25172371
4,500,1615007905536013,3802369
4,500,1615007905563011,22471447
4,500,1615007905575667,27699403
4,500,1615007905613523,27350994
4,500,1615007905621407,3871621
4,500,1615007905706817,3928404
4,500,1615007905738339,28758945
4,500,1615007905772268,22315193
4,500,1615007905815183,26061454
4,500,1615007905816458,26929767
4,500,1615007905821854,27580301
4,500,1615007905826025,27827644
4,500,1615007905837051,4043240
4,500,1615007905870860,27789509
4,500,1615007905932807,4105683
4,500,1615007905977594,25606977
4,500,1615007906026975,22904369
4,500,1615007906079448,4221311
4,500,1615007906194928,27904809
4,500,1615007906246256,26491701
4,500,1615007906281004,4392471
4,500,1615007906315273,29257178
4,500,1615007906331114,28449506
4,500,1615007906332813,22769989
4,500,1615007906357832,25973909
4,500,1615007906412193,4494282
4,500,1615007906417300,27509327
4,500,1615007906425197,28306727
4,500,1615007906425327,28154058
4,500,1615007906430074,28310032
4,500,1615007906573538,23431356
4,500,1615007906578923,4650425
4,500,1615007906609127,26816215
4,500,1615007906667722,26836968
4,500,1615007906703567,28809516
4,500,1615007906757063,26897131
4,500,1615007906757790,4812460
4,500,1615007906834402,26957792
4,500,1615007906893191,23265451
4,500,1615007906914475,26920799
4,500,1615007906917731,28388287
4,500,1615007906948514,26920412
4,500,1615007906999036,26951713
4,500,1615007907017201,5053882
4,500,1615007907017918,26457791
4,500,1615007907126613,27052744
4,500,1615007907155436,5180244
4,500,1615007907308570,30162162
4,500,1615007907321309,24176656
4,500,1615007907324299,5175781
4,500,1615007907336768,29176816
4,500,1615007907514302,28533903
4,500,1615007907515219,29200703
4,500,1615007907516255,29389912
4,500,1615007907516383,5349228
4,500,1615007907684077,24020162
4,500,1615007907757255,29819518
4,500,1615007907761226,5519158
4,500,1615007907774602,29123283
4,500,1615007907812626,27642771
4,500,1615007907823004,27199112
4,500,1615007907874641,24547903
4,500,1615007907905694,5645700
4,500,1615007907967966,5706086
4,500,1615007907996824,29812503
4,500,1615007908057282,30783025
4,500,1615007908269006,28033865
4,500,1615007908271319,24491826
4,500,1615007908321106,6044800
4,500,1615007908322014,6013868
4,500,1615007908322528,27646087
4,500,1615007908334315,30203892
4,500,1615007908340758,29266454
4,500,1615007908341233,29934875
4,500,1615007908352750,29675143
4,500,1615007908353661,6044915
4,500,1615007908377311,24810351
4,500,1615007908378287,30361070
4,500,1615007908527299,6166838
4,500,1615007908527991,6162179
4,500,1615007908530893,5943145
4,500,1615007908549318,31231188
4,500,1615007908577333,24763826
4,500,1615007908613737,5977188
4,500,1615007908661936,30467391
4,500,1615007908750401,6111586
4,500,1615007908847904,28607261
4,500,1615007908886647,25271290
4,500,1615007908965989,6311680
4,500,1615007909032186,28339686
4,500,1615007909397572,31919484
4,500,1615007909398393,29096408
4,500,1615007909418916,30719649
4,500,1615007909424343,25592146
4,500,1615007909425222,6712585
4,500,1615007909435206,6707502
4,500,1615007909439504,6686862
4,500,1615007909439943,28524590
4,500,1615007909443866,31290491
4,500,1615007909448205,30322205
4,500,1615007909448837,30971782
4,500,1615007909449786,25640731
4,500,1615007909451184,31256254
4,500,1615007909451899,31408191
4,500,1615007909485449,6673161
4,500,1615007909643516,25737040
4,500,1615007909649735,31469598
4,500,1615007909659559,30478170
4,500,1615007909660235,31174147
4,500,1615007909672873,30868446
4,500,1615007909685365,6819561
4,500,1615007909828446,31605374
4,500,1615007909856712,25873969
4,500,1615007909986136,29058962
4,500,1615007910053719,7178560
4,500,1615007910259650,7324515
4,500,1615007910319228,32161203
4,500,1615007910321354,29879262
4,500,1615007910370070,31500101
4,500,1615007910391386,26348684
4,500,1615007910440077,7502297
4,500,1615007910470297,32885535
4,500,1615007910776038,7826973
4,500,1615007910785745,7804548
4,500,1615007910818241,30342905
4,500,1615007910825242,32641357
4,500,1615007910848172,31663702
4,500,1615007910848882,32301514
4,500,1615007910851421,26675349
4,500,1615007910854777,32618356
4,500,1615007910865679,7879409
4,500,1615007910904335,29952201
4,500,1615007911068938,33469405
4,500,1615007911070182,32049531
4,500,1615007911070506,32015256
4,500,1615007911090620,27019502
4,500,1615007911095279,8009087
4,500,1615007911095747,7979088
4,500,1615007911164348,32908637
4,500,1615007911165042,32903943
4,500,1615007911175266,32967270
4,500,1615007911182201,7990008
4,500,1615007911306817,27059003
4,500,1615007911363282,8146367
4,500,1615007911367281,33180265
4,500,1615007911368727,32801445
4,500,1615007911388094,33033789
4,500,1615007911431190,30469300
4,500,1615007911465405,32283110
4,500,1615007911590795,8256521
4,500,1615007911624100,32425233
4,500,1615007911637629,31102452
4,500,1615007911647550,27538884
4,500,1615007911801254,8461666
4,500,1615007911903256,27580575
4,500,1615007911940810,34284781
4,500,1615007911982028,33707628
4,500,1615007911990260,8613810
4,500,1615007911990653,30982972
4,500,1615007912086621,33724577
4,500,1615007912212403,32998262
4,500,1615007912214319,28081136
4,500,1615007912255099,8835013
4,500,1615007912260199,33949008
4,500,1615007912263195,33054623
4,500,1615007912263698,33670060
4,500,1615007912333738,27971131
4,500,1615007912355841,31790408
4,500,1615007912436615,9013550
4,500,1615007912500954,31423572
4,500,1615007912532596,34172099
4,500,1615007912563449,28386563
4,500,1615007912566715,34177892
4,500,1615007912600269,33209167
4,500,1615007912602142,9161183
4,500,1615007912681837,9225408
4,500,1615007912775832,35087415
4,500,1615007912776360,32159315
4,500,1615007912777544,9269621
4,500,1615007912807700,28273401
4,500,1615007912895194,34489560
4,500,1615007912927304,34248912
4,500,1615007912930321,9311243
4,500,1615007912978800,34617815
4,500,1615007912994666,33748781
4,500,1615007913005417,9337600
4,500,1615007913033060,33540418
4,500,1615007913066342,28857609
4,500,1615007913155059,34733687
4,500,1615007913161811,32061492
4,500,1615007913313967,9583294
4,500,1615007913400502,34979490
4,500,1615007913466477,28916603
4,500,1615007913494008,9544092
4,500,1615007913584778,35824771
4,500,1615007913607050,32880578
4,500,1615007913607502,34060819
4,500,1615007913660014,9613865
4,500,1615007913663458,9600818
4,500,1615007913732400,29496527
4,500,1615007913732842,9566227
4,500,1615007913732949,9335829
4,500,1615007913818485,9339166
4,500,1615007913826256,32682404
4,500,1615007913878014,35401498
4,500,1615007913892261,9379254
4,500,1615007914077228,33342473
4,500,1615007914088261,29839596
4,500,1615007914088645,9560406
4,500,1615007914088850,9537586
4,500,1615007914102354,35704507
4,500,1615007914102817,34799427
4,500,1615007914111011,35411212
4,500,1615007914119459,29474311
4,500,1615007914136745,34344310
4,500,1615007914140457,32970421
4,500,1615007914306802,35875295
4,500,1615007914337760,9681316
4,500,1615007914368065,29528446
4,500,1615007914368458,35781740
4,500,1615007914531397,33769938
4,500,1615007914539451,33207898
4,500,1615007914626432,36834266
4,500,1615007914651619,34821207
4,500,1615007914652196,30353100
4,500,1615007914653326,9987495
4,500,1615007914655687,36234923
4,500,1615007914656143,35222379
4,500,1615007914656584,35931323
4,500,1615007914730415,36902588
4,500,1615007914844950,10158875
4,500,1615007914908477,30021826
4,500,1615007914944367,30623031
4,500,1615007915073694,10340552
4,500,1615007915074867,10316980
4,500,1615007915372431,10596198
4,500,1615007915372851,10447264
4,500,1615007915407986,36975689
4,500,1615007915486876,10548608
4,500,1615007915487157,10335667
4,500,1615007915710335,37279256
4,500,1615007915710796,36931423
4,500,1615007915718121,36993661
4,500,1615007915718752,36200597
4,500,1615007915726087,34367429
4,500,1615007915762668,10566789
4,500,1615007915762924,10541355
4,500,1615007915762974,10508819
4,500,1615007915764428,10470597
4,500,1615007915767905,30834982
4,500,1615007915854677,35965004
4,500,1615007915862432,35010286
4,500,1615007915899542,38071018
4,500,1615007915908648,31584131
4,500,1615007915910493,37440317
4,500,1615007915910653,30934778
4,500,1615007915913434,10590722
4,500,1615007915913652,10576339
4,500,1615007916200516,34831926
4,500,1615007916201182,10840588
4,500,1615007916592502,11098382
4,500,1615007916594783,35694946
4,500,1615007916595613,32262189
4,500,1615007916595744,32061006
4,500,1615007916595802,31986525
4,500,1615007916596001,31961142
4,500,1615007916596072,11100027
4,500,1615007916597136,31538152
4,500,1615007916597618,31438453
4,500,1615007916602396,31359045
4,500,1615007916602538,31350698
4,500,1615007916602581,38170702
4,500,1615007916604871,36913021
4,500,1615007916605058,37800947
4,500,1615007916605247,37878636
4,500,1615007916605376,36709045
