5,200,1615007871311500,296346
5,200,1615007871312939,368045
5,200,1615007871362942,344403
5,200,1615007871430249,455592
5,200,1615007871463510,471240
5,200,1615007871495560,402530
5,200,1615007871538089,593590
5,200,1615007871611682,617897
5,200,1615007871611786,656613
5,200,1615007871612065,533963
5,200,1615007871612371,634697
5,200,1615007871624032,653566
5,200,1615007871674489,719458
5,200,1615007871674756,718978
5,200,1615007871716389,651524
5,200,1615007871732772,758492
5,200,1615007871737940,717817
5,200,1615007871749542,794082
5,200,1615007871752850,792986
5,200,1615007871755829,711241
5,200,1615007871775748,803226
5,200,1615007871792975,774868
5,200,1615007871820912,846026
5,200,1615007871870306,817131
5,200,1615007871895388,896891
5,200,1615007871895557,899369
5,200,1615007871939490,817601
5,200,1615007871940584,924669
5,200,1615007871942116,778497
5,200,1615007871963232,940224
5,200,1615007872108317,649209
5,200,1615007872108422,997870
5,200,1615007872108884,1014274
5,200,1615007872109335,940515
5,200,1615007872109420,1076552
5,200,1615007872109694,1039161
5,200,1615007872109873,1042708
5,200,1615007872110075,1028701
5,200,1615007872110159,988639
5,200,1615007872110268,991556
5,200,1615007872154712,996231
5,200,1615007872165172,959050
5,200,1615007872478564,1258023
5,200,1615007872478757,1234667
5,200,1615007872479138,1310896
5,200,1615007872479981,1289572
5,200,1615007872480232,1183488
5,200,1615007872480426,1154602
5,200,1615007872480517,1262024
5,200,1615007872481164,1205781
5,200,1615007872481557,1248342
5,200,1615007872481970,1359745
5,200,1615007872482421,1412399
5,200,1615007872482940,1346821
5,200,1615007872485956,918604
5,200,1615007872486220,1467405
5,200,1615007872486371,1406544
5,200,1615007872486734,1362932
5,200,1615007872486964,1342052
5,200,1615007872487155,1324548
5,200,1615007872530767,1217842
5,200,1615007872537533,1312884
5,200,1615007872542804,1267969
5,200,1615007872548981,1373012
5,200,1615007872549504,1396008
5,200,1615007872608395,1178735
5,200,1615007872641004,1227397
5,200,1615007872700972,1364186
5,200,1615007872709451,1468755
5,200,1615007872711522,1472661
5,200,1615007872715318,1501159
5,200,1615007872749442,1697594
5,200,1615007872750443,1481833
5,200,1615007872752299,1291276
5,200,1615007872755533,1302495
5,200,1615007872949812,1831387
5,200,1615007872950285,1461592
5,200,1615007872976265,1629594
5,200,1615007872976712,1721471
5,200,1615007872983101,1595897
5,200,1615007872983577,1712210
5,200,1615007872984164,1454069
5,200,1615007873024859,1733622
5,200,1615007873041722,1664778
5,200,1615007873042033,1780756
5,200,1615007873096418,1938516
5,200,1615007873107712,1564600
5,200,1615007873140792,1708901
5,200,1615007873221006,1669899
5,500,1615007873236018,2041182
5,500,1615007873275575,1639279
5,500,1615007873276288,2057458
5,500,1615007873293643,2158629
5,200,1615007873412897,2086604
5,500,1615007873873402,2211742
5,500,1615007873878202,2616207
5,500,1615007873878284,2453709
5,500,1615007873885256,2595449
5,500,1615007873888938,2694545
5,500,1615007873898328,2693344
5,500,1615007873902716,2688153
5,500,1615007873930404,2348344
5,500,1615007873942313,2336985
5,500,1615007873942459,2476574
5,500,1615007873947350,2667575
5,500,1615007873956900,2567215
5,500,1615007873957043,2740921
5,500,1615007873965158,2069270
5,500,1615007873979955,2773486
5,500,1615007873986363,2465537
5,500,1615007873993783,2086018
5,500,1615007873994465,2287578
5,500,1615007874016927,2419755
5,500,1615007874047792,2034073
5,500,1615007874082106,2792761
5,500,1615007874082312,2780063
5,500,1615007874130902,2782016
5,500,1615007874144496,2832403
5,500,1615007874169012,2688860
5,500,1615007874169056,2654884
5,500,1615007874169263,2004368
5,500,1615007874169404,2913635
5,500,1615007874169448,2839779
5,500,1615007874220759,2689151
5,500,1615007874222161,2658590
5,500,1615007874223475,2600913
5,500,1615007874224067,2884033
5,500,1615007874226129,2867151
5,500,1615007874226824,2863063
5,500,1615007874227587,2416533
5,500,1615007874227867,2441108
5,500,1615007874238607,2295905
5,500,1615007874243205,2845818
5,500,1615007874255723,2679955
5,500,1615007874260893,2882411
5,500,1615007874288027,2923882
5,500,1615007874288195,2810714
5,500,1615007874303223,2342630
5,500,1615007874303380,2885324
5,500,1615007874343903,1855376
5,500,1615007874344352,2816064
5,500,1615007874344807,2987440
5,500,1615007874427456,2691482
5,500,1615007874430626,2960474
5,500,1615007874434881,2409705
5,500,1615007874437050,1932516
5,500,1615007874438062,2875792
5,500,1615007874449696,3085160
5,500,1615007874465860,1875657
5,500,1615007874504051,2804852
5,500,1615007874659980,2623735
5,500,1615007874664448,3278463
5,500,1615007874667305,3266988
5,500,1615007874685991,3186275
5,500,1615007874699158,2101560
5,500,1615007874704334,3099563
5,500,1615007874725136,3081955
5,500,1615007874727134,3157709
5,500,1615007874729583,2900845
5,500,1615007874729877,3267541
5,500,1615007874730402,2878995
5,500,1615007874805225,2903719
5,500,1615007874805278,3158615
5,500,1615007874805396,3119230
5,500,1615007874805488,1780638
5,500,1615007874805516,1750122
5,500,1615007874805639,3241822
5,500,1615007874806322,3169269
5,500,1615007874806418,3357820
5,500,1615007874806645,3352062
5,500,1615007874806780,3224302
5,500,1615007874806809,3183302
5,500,1615007874806892,2704357
5,500,1615007874806924,3255272
5,500,1615007874806997,3153158
5,500,1615007874819032,2779251
5,500,1615007874836665,3208785
5,500,1615007874872128,3296769
5,500,1615007874876093,1818050
5,500,1615007874898670,3196119
5,500,1615007874907019,3299655
5,500,1615007874914667,3149857
5,500,1615007874920915,2434973
5,500,1615007874943289,1848991
5,500,1615007874979239,3356177
5,500,1615007874996259,3287565
5,500,1615007875021363,3114136
5,500,1615007875040531,3458828
5,500,1615007875056061,2564753
5,500,1615007875056177,3418646
5,500,1615007875064588,3366886
5,500,1615007875098225,1777238
5,500,1615007875104301,3325722
5,500,1615007875195255,3455315
5,500,1615007875203076,3297922
5,500,1615007875206231,1875217
5,500,1615007875226702,3421534
5,500,1615007875235692,3521183
5,500,1615007875235811,3367356
5,500,1615007875247134,3202107
5,500,1615007875248328,2742118
5,500,1615007875250659,3522324
5,500,1615007875282535,1746119
5,500,1615007875309202,3542660
5,500,1615007875323307,3606932
5,500,1615007875337041,3422588
5,500,1615007875341581,3350146
5,500,1615007875375655,2861966
5,500,1615007875379124,3733906
5,500,1615007875381406,1836293
5,500,1615007875437261,3332885
5,500,1615007875437977,3610720
5,500,1615007875438324,3632731
5,500,1615007875449002,3580240
5,500,1615007875463762,3401804
5,500,1615007875465335,3624767
5,500,1615007875501761,1939723
5,500,1615007875503914,3774711
5,500,1615007875504902,3778280
5,500,1615007875527289,3614171
5,500,1615007875531869,2975903
5,500,1615007875552211,3434501
5,500,1615007875554027,3745878
5,500,1615007875554325,3602362
5,500,1615007875554857,1984462
5,500,1615007875605973,3457535
5,500,1615007875632741,3475854
5,500,1615007875650816,2031230
5,500,1615007875650940,3043035
5,500,1615007875651035,3669045
5,500,1615007875670237,3901104
5,500,1615007875680502,3808600
5,500,1615007875680708,1917995
5,500,1615007875698200,3894599
5,500,1615007875723204,1915593
5,500,1615007875743264,3606305
5,500,1615007875761763,3717940
5,500,1615007875773995,3148033
5,500,1615007875791002,3299161
5,500,1615007875800209,3977401
5,500,1615007875811286,3823369
5,500,1615007875850935,3823373
5,500,1615007875858008,3927494
5,500,1615007875868196,2046813
5,500,1615007875893062,3401475
5,500,1615007875919580,3854468
5,500,1615007875955446,3294548
5,500,1615007875975949,3466420
5,500,1615007875996727,3498118
5,500,1615007876094401,4088425
5,500,1615007876114419,4224037
5,500,1615007876137658,2273125
5,500,1615007876143528,4086636
5,500,1615007876159900,4102550
5,500,1615007876161071,4330901
5,500,1615007876186227,3692107
5,500,1615007876203907,3692673
5,500,1615007876211387,4264962
5,500,1615007876258576,2311243
5,500,1615007876262612,4180808
5,500,1615007876267283,3555507
5,500,1615007876272196,3757783
5,500,1615007876273494,3762012
5,500,1615007876286363,3777373
5,500,1615007876324084,2375231
5,500,1615007876345343,4449055
5,500,1615007876374292,3858746
5,500,1615007876392172,3876284
5,500,1615007876398586,4314081
5,500,1615007876400784,3416629
5,500,1615007876403537,3876507
5,500,1615007876414314,2431278
5,500,1615007876455294,4503737
5,500,1615007876491005,2405057
5,500,1615007876494820,4330988
5,500,1615007876495895,4567105
5,500,1615007876498682,3402279
5,500,1615007876512340,3974815
5,500,1615007876512496,3998454
5,500,1615007876528099,3998065
5,500,1615007876529308,3999613
5,500,1615007876539142,2452472
5,500,1615007876539232,4642831
5,500,1615007876555059,4424695
5,500,1615007876713917,4594054
5,500,1615007876725816,4682450
5,500,1615007876745359,3637197
5,500,1615007876765249,4216286
5,500,1615007876834239,4345954
5,500,1615007876858548,2762493
5,500,1615007876891689,4348897
5,500,1615007876946898,5007428
5,500,1615007876967105,4889609
5,500,1615007876987342,4955730
5,500,1615007877011298,4997715
5,500,1615007877011666,4976675
5,500,1615007877011768,4875333
5,500,1615007877032636,2914136
5,500,1615007877060079,4533389
5,500,1615007877062503,3877368
5,500,1615007877075924,4434076
5,500,1615007877097324,2954533
5,500,1615007877097887,4604294
5,500,1615007877104462,4566531
5,500,1615007877124358,4961723
5,500,1615007877146959,5107410
5,500,1615007877166482,5014565
5,500,1615007877181273,4525251
5,500,1615007877190221,3029035
5,500,1615007877195077,4690939
5,500,1615007877213807,3991459
5,500,1615007877245354,4671334
5,500,1615007877262049,3087327
5,500,1615007877281193,4799644
5,500,1615007877307153,4769963
5,500,1615007877331766,3148237
5,500,1615007877337133,4827376
5,500,1615007877338297,4859170
5,500,1615007877339328,4789835
5,500,1615007877389432,5342873
5,500,1615007877400667,3203851
5,500,1615007877412180,4832185
5,500,1615007877415467,4757078
5,500,1615007877453566,4971603
5,500,1615007877469695,4246862
5,500,1615007877470864,4958592
5,500,1615007877474883,4987423
5,500,1615007877525348,4977215
5,500,1615007877525999,3254916
5,500,1615007877533887,4847667
5,500,1615007877558208,4940177
5,500,1615007877586579,5097731
5,500,1615007877599048,5542464
5,500,1615007877601845,4305907
5,500,1615007877623017,3279136
5,500,1615007877623085,5067605
5,500,1615007877631246,4880814
5,500,1615007877637030,5137965
5,500,1615007877655071,4823327
5,500,1615007877677501,5031129
5,500,1615007877700084,5185270
5,500,1615007877707715,5218492
5,500,1615007877707948,4410993
5,500,1615007877745681,3376821
5,500,1615007877788913,4975650
5,500,1615007877872100,5222737
5,500,1615007877872357,5741689
5,500,1615007877884644,3412744
5,500,1615007877902023,4953093
5,500,1615007877911898,5399915
5,500,1615007877922451,4516385
5,500,1615007877922788,5251691
5,500,1615007877947688,5465274
5,500,1615007877967583,5462036
5,500,1615007877967894,5361885
5,500,1615007877968084,5445147
5,500,1615007877996849,5476376
5,500,1615007878027264,5320459
5,500,1615007878047463,5426230
5,500,1615007878048881,3344822
5,500,1615007878064746,5573869
5,500,1615007878075048,5124774
5,500,1615007878079632,5549207
5,500,1615007878080175,5325395
5,500,1615007878105090,5599107
5,500,1615007878112573,5471075
5,500,1615007878129592,5555265
5,500,1615007878151804,5646012
5,500,1615007878152538,3421562
5,500,1615007878188830,5675470
5,500,1615007878208869,5525881
5,500,1615007878209402,3457709
5,500,1615007878217024,5704497
5,500,1615007878222317,4761366
5,500,1615007878236219,3482871
5,500,1615007878243334,5717601
5,500,1615007878245697,5732722
5,500,1615007878247328,5272184
5,500,1615007878267717,3501029
5,500,1615007878272523,5505974
5,500,1615007878297354,5610681
5,500,1615007878297493,5766769
5,500,1615007878308259,5324690
5,500,1615007878312452,3542449
5,500,1615007878356429,5371006
5,500,1615007878357047,3576382
5,500,1615007878357650,5823969
5,500,1615007878422435,4902177
5,500,1615007878433823,5910023
5,500,1615007878434955,3627408
5,500,1615007878442300,5767711
5,500,1615007878445037,5404320
5,500,1615007878448480,3495557
5,500,1615007878451373,5468282
5,500,1615007878459514,5435192
5,500,1615007878472325,5947057
5,500,1615007878478602,5492622
5,500,1615007878497532,4902045
5,500,1615007878507091,3501462
5,500,1615007878522331,5977952
5,500,1615007878543226,5593435
5,500,1615007878590120,3533612
5,500,1615007878601963,6054040
5,500,1615007878605400,5862534
5,500,1615007878650871,5609778
5,500,1615007878654357,5597764
5,500,1615007878658445,5634237
5,500,1615007878695875,3546950
5,500,1615007878744784,5980725
5,500,1615007878747147,4889212
5,500,1615007878771266,5496129
5,500,1615007878833266,5856563
5,500,1615007878850822,6319589
5,500,1615007878850897,6318613
5,500,1615007878850929,5792108
5,500,1615007878857667,6307323
5,500,1615007878876231,5899981
5,500,1615007878878292,5821378
5,500,1615007878878573,6323373
5,500,1615007878891521,3700374
5,500,1615007878892278,4931250
5,500,1615007878892552,5792639
5,500,1615007878916645,5568939
5,500,1615007878930233,5875126
5,500,1615007878936876,4931815
5,500,1615007878939665,3622272
5,500,1615007878940877,6239248
5,500,1615007878956401,3598092
5,500,1615007878983921,6267999
5,500,1615007878991725,3488729
5,500,1615007878992072,5603124
5,500,1615007878997052,3469776
5,500,1615007879015845,6276628
5,500,1615007879016331,3449019
5,500,1615007879022922,3322364
5,500,1615007879027528,5635934
5,500,1615007879033705,3237785
5,500,1615007879038746,5930030
5,500,1615007879047876,3251587
5,500,1615007879048316,6233936
5,500,1615007879051193,5589773
5,500,1615007879057705,3031809
5,500,1615007879074854,6035225
5,500,1615007879074961,5455055
5,500,1615007879075202,3031984
5,500,1615007879086522,2955062
5,500,1615007879090164,5792328
5,500,1615007879120651,5491437
5,500,1615007879129768,2993480
5,500,1615007879189329,5842172
5,500,1615007879194712,5133184
5,500,1615007879208299,3057873
5,500,1615007879208620,6085056
5,500,1615007879208795,6184961
5,500,1615007879212990,5777968
5,500,1615007879221127,6638272
5,500,1615007879235645,6056962
5,500,1615007879250669,3099941
5,500,1615007879274377,5601934
5,500,1615007879276159,6730953
5,500,1615007879343718,6320384
5,500,1615007879348032,6803182
5,500,1615007879357798,3194112
5,500,1615007879362131,6304539
5,500,1615007879365186,6234579
5,500,1615007879388992,5903718
5,500,1615007879390197,3197619
5,500,1615007879400114,5322777
5,500,1615007879413612,6204284
5,500,1615007879418312,6809510
5,500,1615007879418535,5897789
5,500,1615007879419946,3177251
5,500,1615007879484846,6285954
5,500,1615007879487399,3080537
5,500,1615007879503609,5231533
5,500,1615007879518286,6752358
5,500,1615007879536285,6314963
5,500,1615007879536456,6981554
5,500,1615007879545049,3117238
5,500,1615007879563807,6522098
5,500,1615007879568038,6474092
5,500,1615007879590996,6962218
5,500,1615007879628663,5895205
5,500,1615007879633070,3136499
5,500,1615007879640496,6371558
5,500,1615007879641744,5332680
5,500,1615007879648616,6352379
5,500,1615007879686954,3174630
5,500,1615007879689488,6049859
5,500,1615007879734784,6577779
5,500,1615007879745797,6209009
5,500,1615007879763441,6655740
5,500,1615007879775441,6499882
5,500,1615007879785219,5989741
5,500,1615007879791695,7071072
5,500,1615007879803190,6212523
5,500,1615007879804449,6627438
5,500,1615007879811903,6432776
5,500,1615007879812001,5806632
5,500,1615007879828745,6234636
5,500,1615007879828833,7055237
5,500,1615007879829039,6427673
5,500,1615007879831210,6637116
5,500,1615007879833488,5707950
5,500,1615007879856230,6335096
5,500,1615007879862856,6531229
5,500,1615007879863148,5414074
5,500,1615007879870136,6260186
5,500,1615007879878550,3176289
5,500,1615007879992763,7228365
5,500,1615007879992849,7315310
5,500,1615007879992876,5854829
5,500,1615007880021639,6366985
5,500,1615007880021818,5357729
5,500,1615007880021912,3104483
5,500,1615007880023088,6561285
5,500,1615007880049682,6476233
5,500,1615007880062641,6415858
5,500,1615007880068571,6860937
5,500,1615007880068781,6948793
5,500,1615007880084881,5357756
5,500,1615007880112350,7162948
5,500,1615007880112500,3125713
5,500,1615007880112551,6815186
5,500,1615007880112796,6989698
5,500,1615007880158053,5959746
5,500,1615007880168216,6496875
5,500,1615007880195112,6732889
5,500,1615007880195221,6855221
5,500,1615007880195522,3145734
5,500,1615007880236493,6528352
5,500,1615007880244115,7268438
5,500,1615007880248342,7437122
5,500,1615007880259220,7530058
5,500,1615007880302014,5560263
5,500,1615007880302236,3218474
5,500,1615007880302497,7172254
5,500,1615007880324532,6605670
5,500,1615007880331325,6128898
5,500,1615007880332010,6833775
5,500,1615007880393208,7048974
5,500,1615007880393331,6682720
5,500,1615007880393416,5641226
5,500,1615007880393743,6862121
5,500,1615007880405106,3244350
5,500,1615007880459759,6725907
5,500,1615007880469884,3224134
5,500,1615007880487847,6729703
5,500,1615007880492288,7223106
5,500,1615007880492531,6771498
5,500,1615007880494411,6247671
5,500,1615007880510259,5755959
5,500,1615007880515889,6959828
5,500,1615007880517170,7494036
5,500,1615007880534434,7495030
5,500,1615007880576572,7205045
5,500,1615007880583715,6798055
5,500,1615007880629825,6673647
5,500,1615007880652813,6691435
5,500,1615007880670518,6927060
5,500,1615007880684694,6938532
5,500,1615007880690199,5923296
5,500,1615007880690397,7958909
5,500,1615007880715595,7025843
5,500,1615007880716532,6460825
5,500,1615007880717325,6966198
5,500,1615007880739660,3432526
5,500,1615007880766734,7003673
5,500,1615007880806370,7009023
5,500,1615007880837083,7517456
5,500,1615007880847097,6981970
5,500,1615007880901489,7461606
5,500,1615007881048021,3713618
5,500,1615007881082797,8041568
5,500,1615007881099778,7342057
5,500,1615007881121252,7147596
5,500,1615007881126226,6355874
5,500,1615007881134266,6873388
5,500,1615007881140155,7418806
5,500,1615007881165058,8109349
5,500,1615007881202308,7425842
5,500,1615007881217134,8159835
5,500,1615007881223899,3851835
5,500,1615007881229384,7078014
5,500,1615007881249018,6903243
5,500,1615007881274854,8443847
5,500,1615007881284594,7841395
5,500,1615007881293139,6512233
5,500,1615007881299200,7482470
5,500,1615007881307622,3819810
5,500,1615007881318641,7511561
5,500,1615007881357116,7310121
5,500,1615007881369636,8282627
5,500,1615007881372356,7165295
5,500,1615007881418990,6992189
5,500,1615007881421170,3889184
5,500,1615007881425312,7955605
5,500,1615007881462877,6997865
5,500,1615007881465801,6684202
5,500,1615007881474385,7571198
5,500,1615007881488032,3928028
5,500,1615007881491570,7670496
5,500,1615007881546151,7495557
5,500,1615007881569379,8462204
5,500,1615007881575070,3938078
5,500,1615007881595945,8537529
5,500,1615007881601699,7163647
5,500,1615007881605706,8154993
5,500,1615007881605946,8126481
5,500,1615007881610790,6828962
5,500,1615007881619979,7715942
5,500,1615007881631036,3896304
5,500,1615007881666603,6995824
5,500,1615007881666850,8834156
5,500,1615007881702715,7603069
5,500,1615007881722389,6940237
5,500,1615007881724840,7808868
5,500,1615007881725476,7820985
5,500,1615007881751677,8285564
5,500,1615007881752211,7022637
5,500,1615007881756916,8662201
5,500,1615007881773561,4031818
5,500,1615007881787629,8667879
5,500,1615007881812031,8755914
5,500,1615007881839751,8313167
5,500,1615007881878098,7891752
5,500,1615007881878319,7096059
5,500,1615007881878362,8739638
5,500,1615007881900217,7419252
5,500,1615007881933711,8430415
5,500,1615007881973858,7231624
5,500,1615007881977996,4227600
5,500,1615007881994035,8072560
5,500,1615007882006931,7980289
5,500,1615007882020367,8493386
5,500,1615007882023482,7910323
5,500,1615007882023667,8838977
5,500,1615007882026498,7244098
5,500,1615007882086600,7997553
5,500,1615007882087987,7228194
5,500,1615007882090255,8981944
5,500,1615007882110578,7385452
5,500,1615007882128815,8003729
5,500,1615007882130807,4343895
5,500,1615007882153127,8185021
5,500,1615007882155062,8567785
5,500,1615007882176152,7313947
5,500,1615007882181013,8091658
5,500,1615007882209133,8888778
5,500,1615007882240700,7499834
5,500,1615007882242114,8012246
5,500,1615007882252630,8139137
5,500,1615007882268014,8754230
5,500,1615007882272849,7404623
5,500,1615007882292797,4487431
5,500,1615007882294441,8208142
5,500,1615007882320021,7567612
5,500,1615007882324152,8963790
5,500,1615007882325172,9202309
5,500,1615007882351846,8189332
5,500,1615007882359568,8687833
5,500,1615007882360540,7992725
5,500,1615007882367512,7494950
5,500,1615007882385557,7633644
5,500,1615007882406119,8201859
5,500,1615007882415046,9053152
5,500,1615007882429976,4616640
5,500,1615007882438076,8011015
5,500,1615007882449808,8221947
5,500,1615007882470194,9308642
5,500,1615007882474871,7721431
5,500,1615007882486466,8020708
5,500,1615007882487235,7606799
5,500,1615007882495005,8813096
5,500,1615007882530164,8082311
5,500,1615007882530309,7588789
5,500,1615007882530390,8222905
5,500,1615007882574552,4701898
5,500,1615007882601793,8761814
5,500,1615007882601880,9421378
5,500,1615007882603849,9132189
5,500,1615007882609264,7535683
5,500,1615007882609402,7879008
5,500,1615007882609437,4653563
5,500,1615007882609519,9037430
5,500,1615007882626238,9145346
5,500,1615007882627528,7941553
5,500,1615007882627768,8123728
5,500,1615007882627979,7819919
5,500,1615007882648862,7894395
5,500,1615007882650119,4631820
5,500,1615007882685537,7934318
5,500,1615007882715258,7570442
5,500,1615007882729017,8002375
5,500,1615007882737739,4653375
5,500,1615007882756301,8916202
5,500,1615007882789995,8036997
5,500,1615007882791570,9275012
5,500,1615007882791715,8022129
5,500,1615007882797341,9215251
5,500,1615007882797523,7836410
5,500,1615007882808695,8078522
5,500,1615007882836210,4722892
5,500,1615007882836476,9621246
5,500,1615007882875672,9237050
5,500,1615007882875768,7677843
5,500,1615007882909202,8168131
5,500,1615007882931020,8164609
5,500,1615007882960596,4793354
5,500,1615007882962335,7992049
5,500,1615007882962613,9077373
5,500,1615007882967731,8225067
5,500,1615007882969056,7417034
5,500,1615007882969540,7944641
5,500,1615007882969784,8217730
5,500,1615007882993526,9467255
5,500,1615007883032755,9736158
5,500,1615007883032949,8262447
5,500,1615007883034115,4837733
5,500,1615007883035663,7986769
5,500,1615007883036981,8284090
5,500,1615007883051564,4812793
5,500,1615007883061705,8307919
5,500,1615007883069983,7996617
5,500,1615007883077426,7509944
5,500,1615007883083064,9402827
5,500,1615007883086591,9499800
5,500,1615007883097338,7977753
5,500,1615007883105166,8350486
5,500,1615007883128500,8242813
5,500,1615007883134038,8367218
5,500,1615007883150860,9463666
5,500,1615007883158578,8010903
5,500,1615007883170770,8180065
5,500,1615007883174465,8404737
5,500,1615007883186728,9478254
5,500,1615007883196689,8426502
5,500,1615007883227975,9406147
5,500,1615007883228265,8115811
5,500,1615007883228434,8183003
5,500,1615007883235867,7490878
5,500,1615007883254495,8473732
5,500,1615007883256520,9409680
5,500,1615007883267500,9421162
5,500,1615007883277904,8222750
5,500,1615007883296072,9392508
5,500,1615007883303411,8218768
5,500,1615007883303751,5028909
5,500,1615007883337770,9425917
5,500,1615007883340399,8069841
5,500,1615007883353910,9387331
5,500,1615007883385163,8614582
5,500,1615007883385307,8578045
5,500,1615007883387138,9418531
5,500,1615007883393741,8080974
5,500,1615007883395001,7606753
5,500,1615007883427865,7587820
5,500,1615007883428119,9433666
5,500,1615007883438321,8573500
5,500,1615007883442014,8033138
5,500,1615007883467004,5179221
5,500,1615007883467557,9408324
5,500,1615007883473993,7592635
5,500,1615007883500083,8062124
5,500,1615007883528602,9503696
5,500,1615007883528805,8640626
5,500,1615007883528999,8373819
5,500,1615007883529184,7603555
5,500,1615007883539561,8075319
5,500,1615007883543286,9465308
5,500,1615007883574632,7624122
5,500,1615007883589324,7451686
5,500,1615007883590463,7728585
5,500,1615007883605456,9390618
5,500,1615007883614241,7699937
5,500,1615007883623061,7461611
5,500,1615007883628228,7675131
5,500,1615007883637753,7446924
5,500,1615007883640631,9425222
5,500,1615007883658475,7697649
5,500,1615007883658641,7692477
5,500,1615007883658861,7457307
5,500,1615007883659706,9314909
5,500,1615007883663112,7369430
5,500,1615007883663193,10058514
5,500,1615007883670606,7486597
5,500,1615007883681498,7324839
5,500,1615007883681878,9312699
5,500,1615007883694313,7445029
5,500,1615007883694481,7316682
5,500,1615007883707806,9270372
5,500,1615007883708500,7166018
5,500,1615007883708821,7307667
5,500,1615007883716726,7116013
5,500,1615007883716861,7286381
5,500,1615007883718434,9237765
5,500,1615007883724577,7101755
5,500,1615007883737660,7239710
5,500,1615007883738573,7047468
5,500,1615007883758233,7246734
5,500,1615007883758450,7155647
5,500,1615007883758553,7058651
5,500,1615007883758771,9054447
5,500,1615007883771757,9019938
5,500,1615007883773124,8965284
5,500,1615007883774626,7073105
5,500,1615007883775380,7107637
5,500,1615007883780607,7066268
5,500,1615007883786377,8953523
5,500,1615007883790188,7042257
5,500,1615007883790537,7040184
5,500,1615007883794842,5437256
5,500,1615007883806035,7025232
5,500,1615007883806188,7039157
5,500,1615007883810025,8830806
5,500,1615007883820810,7025420
5,500,1615007883820926,8973009
5,500,1615007883827758,6965754
5,500,1615007883827879,6985676
5,500,1615007883852294,6926081
5,500,1615007883852358,6864307
5,500,1615007883852391,8978968
5,500,1615007883852465,6934237
5,500,1615007883852493,6912727
5,500,1615007883852600,10415635
5,500,1615007883884528,9010627
5,500,1615007883884697,6924238
5,500,1615007883884759,8527148
5,500,1615007883884791,6767169
5,500,1615007883899960,6764229
5,500,1615007883903380,6871426
5,500,1615007883903472,9002212
5,500,1615007883915149,8931825
5,500,1615007883915285,9707827
5,500,1615007883958844,6717859
5,500,1615007883959147,6888089
5,500,1615007883998405,6721742
5,500,1615007884026127,10067594
5,500,1615007884084076,8864361
5,500,1615007884084517,5674556
5,500,1615007884084948,5648785
5,500,1615007884135611,9354528
5,500,1615007884143004,7069908
5,500,1615007884144238,6796538
5,500,1615007884154034,10399682
5,500,1615007884158325,9139295
5,500,1615007884180445,8955492
5,500,1615007884185817,10706930
5,500,1615007884186360,5740717
5,500,1615007884187745,9185093
5,500,1615007884187957,7076047
5,500,1615007884188059,8737197
5,500,1615007884281117,10069102
5,500,1615007884281744,9370465
5,500,1615007884281839,6911559
5,500,1615007884289984,5809195
5,500,1615007884478325,7340988
5,500,1615007884478838,10463935
5,500,1615007884478901,9013580
5,500,1615007884478932,10724199
5,500,1615007884479016,9368759
5,500,1615007884479044,9322401
5,500,1615007884479167,9248439
5,500,1615007884479266,9468601
5,500,1615007884479299,5957354
5,500,1615007884479370,5922034
5,500,1615007884479398,5778291
5,500,1615007884479478,10972251
5,500,1615007884479510,7009195
5,500,1615007884525491,9557767
5,500,1615007884525789,10236909
5,500,1615007884525942,7335736
5,500,1615007884543922,9513743
5,500,1615007884546835,7075159
5,500,1615007884547692,9261742
5,500,1615007884553799,8998949
5,500,1615007884553833,5838012
5,500,1615007884553907,9370232
5,500,1615007884556600,5833502
5,500,1615007884575358,10503097
5,500,1615007884576802,10760441
5,500,1615007884620093,10189478
5,500,1615007884648709,11092231
5,500,1615007884648804,5887268
5,500,1615007884667498,9662212
5,500,1615007884668773,9938014
5,500,1615007884678291,7469027
5,500,1615007884679073,9215738
5,500,1615007884790413,9597558
5,500,1615007884821211,10687687
5,500,1615007884847572,6017635
5,500,1615007884848442,9803412
5,500,1615007884884580,7280026
5,500,1615007884966703,9858827
5,500,1615007884982700,7725606
5,500,1615007885017859,9873489
5,500,1615007885029200,9459944
5,500,1615007885049586,6166813
5,500,1615007885052029,9804590
5,500,1615007885068005,9799439
5,500,1615007885114132,6093046
5,500,1615007885127130,9690149
5,500,1615007885129242,7498158
5,500,1615007885129643,9561768
5,500,1615007885141959,9333637
5,500,1615007885173772,6087264
5,500,1615007885192248,10182052
5,500,1615007885192476,9348060
5,500,1615007885197450,7884644
5,500,1615007885200268,11278373
5,500,1615007885219471,11584105
5,500,1615007885230397,10478900
5,500,1615007885234959,11083138
5,500,1615007885238525,9667660
5,500,1615007885262320,9692686
5,500,1615007885273671,9662790
5,500,1615007885281402,7636296
5,500,1615007885312916,7953806
5,500,1615007885326654,9690508
5,500,1615007885346149,9501295
5,500,1615007885348299,6147000
5,500,1615007885348776,10123369
5,500,1615007885362937,9699155
5,500,1615007885366593,10290541
5,500,1615007885400917,11477636
5,500,1615007885406702,9775421
5,500,1615007885413303,7629005
5,500,1615007885422447,7998609
5,500,1615007885439176,6105143
5,500,1615007885448018,11010987
5,500,1615007885476039,9525948
5,500,1615007885481821,10312794
5,500,1615007885482084,11835955
5,500,1615007885489767,10736594
5,500,1615007885508844,6149968
5,500,1615007885526081,9857905
5,500,1615007885531670,7587750
5,500,1615007885537343,8057162
5,500,1615007885542615,9766466
5,500,1615007885548156,10304992
5,500,1615007885574064,6194544
5,500,1615007885635467,7588020
5,500,1615007885639034,6256932
5,500,1615007885652977,11725187
5,500,1615007885653269,7991516
5,500,1615007885653303,10886751
5,500,1615007885682571,10011740
5,500,1615007885694132,10494166
5,500,1615007885694238,11244557
5,500,1615007885694330,11029896
5,500,1615007885694397,9726528
5,500,1615007885694515,12022426
5,500,1615007885694555,10382018
5,500,1615007885703475,10381959
5,500,1615007885742132,11012784
5,500,1615007885747646,6311543
5,500,1615007885750840,9813083
5,500,1615007885830398,6326805
5,500,1615007885830572,8133285
5,500,1615007885847393,7709414
5,500,1615007885870656,10140868
5,500,1615007885877990,10552358
5,500,1615007885897184,6209625
5,500,1615007885908147,9924675
5,500,1615007885945861,11947435
5,500,1615007885977108,10713827
5,500,1615007885977386,11207533
5,500,1615007885977649,6214776
5,500,1615007885995761,8274738
5,500,1615007886001504,11259468
5,500,1615007886017105,7758782
5,500,1615007886029788,10186661
5,500,1615007886030111,12357257
5,500,1615007886092078,9874071
5,500,1615007886098285,10102795
5,500,1615007886111669,6326971
5,500,1615007886209261,10915154
5,500,1615007886242248,8392949
5,500,1615007886243187,6451820
5,500,1615007886244567,10795142
5,500,1615007886248157,10351077
5,500,1615007886303433,10209056
5,500,1615007886309005,8020731
5,500,1615007886309459,10085490
5,500,1615007886316285,12205047
5,500,1615007886331137,11550698
5,500,1615007886332077,6528105
5,500,1615007886336461,12621530
5,500,1615007886355813,11603524
5,500,1615007886356028,11026920
5,500,1615007886372969,8486896
5,500,1615007886383542,8079970
5,500,1615007886401745,10457707
5,500,1615007886431572,6575706
5,500,1615007886437434,10310829
5,500,1615007886455759,10224646
5,500,1615007886469611,11111514
5,500,1615007886472272,8393648
5,500,1615007886484919,6510398
5,500,1615007886490452,8134046
5,500,1615007886495082,11030340
5,500,1615007886519678,12351686
5,500,1615007886544552,11763244
5,500,1615007886545689,10597043
5,500,1615007886555728,12766083
5,500,1615007886564306,6568874
5,500,1615007886569124,11787889
5,500,1615007886608715,10464296
5,500,1615007886613091,10314974
5,500,1615007886616259,8259223
5,500,1615007886619156,8517685
5,500,1615007886629716,6603103
5,500,1615007886654302,11205308
5,500,1615007886669727,10699282
5,500,1615007886692769,11797559
5,500,1615007886720145,12490704
5,500,1615007886725400,10380073
5,500,1615007886737109,6706170
5,500,1615007886748181,12683321
5,500,1615007886809351,10821551
5,500,1615007886815801,10459433
5,500,1615007886833336,11279017
5,500,1615007886845828,8706589
5,500,1615007886857984,12392723
5,500,1615007886873534,10511663
5,500,1615007886882025,10893858
5,500,1615007886882892,6746736
5,500,1615007886894579,12695619
5,500,1615007886916612,8506896
5,500,1615007886917607,10525998
5,500,1615007886923022,10903415
5,500,1615007886942675,12257004
5,500,1615007886945773,10681742
5,500,1615007886960057,10556205
5,500,1615007886960999,11927900
5,500,1615007886968048,12764192
5,500,1615007886974942,10908622
5,500,1615007887007788,12226102
5,500,1615007887016629,10487329
5,500,1615007887017249,12287380
5,500,1615007887040493,10816911
5,500,1615007887046320,12678005
5,500,1615007887071691,10350881
5,500,1615007887079080,12336615
5,500,1615007887091503,6895481
5,500,1615007887096044,10842868
5,500,1615007887098174,12670732
5,500,1615007887103458,10343340
5,500,1615007887128929,10846748
5,500,1615007887139282,10306535
5,500,1615007887139482,12386904
5,500,1615007887158181,11653834
5,500,1615007887158513,12710092
5,500,1615007887163030,10811767
5,500,1615007887176616,10299799
5,500,1615007887200163,10794475
5,500,1615007887224422,8923677
5,500,1615007887236085,10298647
5,500,1615007887237199,12482596
5,500,1615007887249060,12589095
5,500,1615007887269706,11663752
5,500,1615007887278945,12552083
5,500,1615007887282861,12261207
5,500,1615007887296176,12554862
5,500,1615007887296278,12171251
5,500,1615007887326786,10714164
5,500,1615007887327543,12198973
5,500,1615007887328331,12546872
5,500,1615007887348322,12212066
5,500,1615007887349650,12541338
5,500,1615007887366497,8931553
5,500,1615007887387179,12249207
5,500,1615007887389337,12481966
5,500,1615007887408605,12261404
5,500,1615007887409682,12299058
5,500,1615007887429891,7163618
5,500,1615007887445622,11122867
5,500,1615007887458383,12260009
5,500,1615007887460364,12119045
5,500,1615007887505454,7236771
5,500,1615007887510058,10481651
5,500,1615007887512264,9136266
5,500,1615007887519827,8997517
5,500,1615007887536856,7254337
5,500,1615007887539511,11915693
5,500,1615007887549371,12165534
5,500,1615007887556722,12774736
5,500,1615007887618806,7324865
5,500,1615007887647130,9223230
5,500,1615007887664592,10553454
5,500,1615007887675647,11033797
5,500,1615007887681414,11311874
5,500,1615007887701977,11978081
5,500,1615007887710977,12476423
5,500,1615007887713032,9173115
5,500,1615007887728400,12343480
5,500,1615007887732185,12374314
5,500,1615007887739636,7436024
5,500,1615007887764094,11049461
5,500,1615007887792497,12140243
5,500,1615007887813480,10998999
5,500,1615007887842496,10974287
5,500,1615007887849662,9407371
5,500,1615007887861773,10679904
5,500,1615007887888423,11012319
5,500,1615007887936652,7611832
5,500,1615007887962517,7630522
5,500,1615007887966269,10904186
5,500,1615007887975524,9409009
5,500,1615007887979621,11550538
5,500,1615007888004694,13040712
5,500,1615007888032679,12528783
5,500,1615007888037213,12325791
5,500,1615007888062035,10783320
5,500,1615007888062721,9581409
5,500,1615007888063752,7713234
5,500,1615007888074817,12309146
5,500,1615007888143248,9513818
5,500,1615007888163126,7760484
5,500,1615007888165280,11704985
5,500,1615007888165914,12916139
5,500,1615007888177286,11016138
5,500,1615007888180887,12798458
5,500,1615007888210700,13103279
5,500,1615007888236171,10929622
5,500,1615007888240876,12709020
5,500,1615007888260588,12539780
5,500,1615007888267159,9785572
5,500,1615007888344201,12568496
5,500,1615007888345449,11883237
5,500,1615007888363174,13247939
5,500,1615007888375513,10904666
5,500,1615007888408265,12686928
5,500,1615007888413395,12802083
5,500,1615007888471129,10912442
5,500,1615007888472635,12729102
5,500,1615007888473135,11945806
5,500,1615007888502125,9819164
5,500,1615007888528934,13394369
5,500,1615007888560757,10955185
5,500,1615007888561175,12680530
5,500,1615007888575054,12963345
5,500,1615007888577351,12021626
5,500,1615007888578822,8172916
5,500,1615007888605766,10756082
5,500,1615007888650125,12753936
5,500,1615007888650493,12081317
5,500,1615007888659537,13385873
5,500,1615007888661127,13041393
5,500,1615007888762744,10241254
5,500,1615007888784070,12843933
5,500,1615007888786776,12194016
5,500,1615007888800838,10929496
5,500,1615007888804560,10887464
5,500,1615007888815935,13110864
5,500,1615007888816453,13542257
5,500,1615007888877639,8253388
5,500,1615007888878599,11716969
5,500,1615007888967060,10256028
5,500,1615007888967495,8244841
5,500,1615007888967899,13176525
5,500,1615007888969168,13107722
5,500,1615007888997056,10237372
5,500,1615007888998307,13599533
5,500,1615007889020843,10466636
5,500,1615007889021175,10439985
5,500,1615007889059724,8253382
5,500,1615007889062841,8024936
5,500,1615007889063149,7995189
5,500,1615007889066213,11040702
5,500,1615007889066416,11032921
5,500,1615007889100043,10159184
5,500,1615007889100203,10128730
5,500,1615007889116809,10482471
5,500,1615007889136258,13333029
5,500,1615007889136671,13085237
5,500,1615007889182526,12552079
5,500,1615007889184283,8023699
5,500,1615007889226055,13775853
5,500,1615007889264085,11183621
5,500,1615007889265775,13924215
5,500,1615007889344997,11205395
5,500,1615007889357791,12181891
5,500,1615007889363784,12086656
5,500,1615007889368509,13863619
5,500,1615007889377371,13968860
5,500,1615007889392356,13993988
5,500,1615007889405158,10748046
5,500,1615007889428761,8267448
5,500,1615007889463769,11320709
5,500,1615007889468815,13388557
5,500,1615007889469565,13849025
5,500,1615007889504301,14096762
5,500,1615007889514957,12101805
5,500,1615007889515360,12878425
5,500,1615007889515654,10504549
5,500,1615007889517615,8294602
5,500,1615007889543382,13672843
5,500,1615007889543993,11339010
5,500,1615007889609517,10913706
5,500,1615007889642951,8418538
5,500,1615007889644303,13838697
5,500,1615007889649404,12929363
5,500,1615007889650447,10602578
5,500,1615007889650664,10478497
5,500,1615007889683427,10969081
5,500,1615007889683647,10884270
5,500,1615007889720822,13511167
5,500,1615007889763532,8498204
5,500,1615007889767155,14303402
5,500,1615007889772981,12307462
5,500,1615007889803414,11418849
5,500,1615007889816242,10641341
5,500,1615007889859180,14039799
5,500,1615007889866889,8576588
5,500,1615007889881979,14205990
5,500,1615007889907783,14470529
5,500,1615007889908993,11053584
5,500,1615007889930987,11497172
5,500,1615007889933275,8623484
5,500,1615007889933541,14052517
5,500,1615007889933642,13103247
5,500,1615007889985577,12380809
5,500,1615007890033166,13746470
5,500,1615007890035075,14466083
5,500,1615007890035713,8700394
5,500,1615007890050396,14229911
5,500,1615007890063042,8722634
5,500,1615007890075052,14288198
5,500,1615007890088921,8732595
5,500,1615007890109737,14539734
5,500,1615007890113292,14542872
5,500,1615007890132570,8729244
5,500,1615007890157176,8655243
5,500,1615007890163449,14328718
5,500,1615007890185576,10985007
5,500,1615007890186301,14207965
5,500,1615007890192935,14367801
5,500,1615007890211090,11768115
5,500,1615007890227833,14629859
5,500,1615007890247158,14560400
5,500,1615007890261745,11291795
5,500,1615007890302156,14463568
5,500,1615007890319085,14420818
5,500,1615007890324326,13479569
5,500,1615007890325386,8768408
5,500,1615007890352020,14715261
5,500,1615007890383075,14535365
5,500,1615007890386141,14697123
5,500,1615007890456444,14526952
5,500,1615007890458163,14782700
5,500,1615007890474008,14540606
5,500,1615007890478219,12872995
5,500,1615007890599049,11389555
5,500,1615007890602977,14196876
5,500,1615007890607625,11631472
5,500,1615007890627512,9065619
5,500,1615007890629467,11631952
5,500,1615007890645844,11428574
5,500,1615007890653116,14710546
5,500,1615007890656591,11581760
5,500,1615007890662324,14888018
5,500,1615007890675427,11453383
5,500,1615007890702923,15019577
5,500,1615007890755423,13866288
5,500,1615007890763718,14782791
5,500,1615007890800986,13155584
5,500,1615007890807700,9140412
5,500,1615007890814690,11704866
5,500,1615007890824056,14878089
5,500,1615007890893782,11615200
5,500,1615007890900638,14438772
5,500,1615007890903940,12341127
5,500,1615007890906928,8974172
5,500,1615007890909638,11738006
5,500,1615007890914306,13890382
5,500,1615007890925768,14900212
5,500,1615007890926215,8973360
5,500,1615007890929836,11640363
5,500,1615007890971724,8975363
5,500,1615007890988479,15256314
5,500,1615007891015737,14476612
5,500,1615007891019913,15176982
5,500,1615007891020522,12427581
5,500,1615007891022783,8863366
5,500,1615007891089417,13252743
5,500,1615007891129967,15029527
5,500,1615007891152378,15272254
5,500,1615007891152647,15105978
5,500,1615007891157701,8949305
5,500,1615007891157935,8847810
5,500,1615007891160153,8814529
5,500,1615007891160370,11923047
5,500,1615007891160667,15051945
5,500,1615007891162217,13313147
5,500,1615007891174017,15151840
5,500,1615007891205736,8765885
5,500,1615007891206075,15081862
5,500,1615007891219125,13348188
5,500,1615007891286812,14230297
5,500,1615007891286973,14745617
5,500,1615007891287048,15375252
5,500,1615007891287079,15166479
5,500,1615007891330992,12654674
5,500,1615007891331197,12448708
5,500,1615007891331389,12072865
5,500,1615007891332350,12058246
5,500,1615007891333973,8874453
5,500,1615007891334234,11999497
5,500,1615007891334402,11954546
5,500,1615007891344280,8860275
5,500,1615007891344567,8769466
5,500,1615007891345348,11880583
5,500,1615007891356025,15179539
5,500,1615007891356259,13484176
5,500,1615007891370821,15223161
5,500,1615007891422941,15650717
5,500,1615007891439526,12091509
5,500,1615007891486853,15338882
5,500,1615007891489826,12547025
5,500,1615007891513664,14432844
5,500,1615007891532413,12037665
5,500,1615007891541130,14985849
5,500,1615007891552770,15468138
5,500,1615007891565966,8969874
5,500,1615007891596758,12211823
5,500,1615007891622936,8966154
5,500,1615007891623794,13750694
5,500,1615007891627199,15433210
5,500,1615007891627332,12112149
5,500,1615007891641383,8953170
5,500,1615007891667093,12257559
5,500,1615007891675656,15855623
5,500,1615007891688091,12665184
5,500,1615007891700097,14517824
5,500,1615007891703736,15487559
5,500,1615007891720336,8871341
5,500,1615007891727732,15453867
5,500,1615007891733126,15595783
5,500,1615007891736114,12156774
5,500,1615007891750798,13877171
5,500,1615007891760597,8891537
5,500,1615007891762793,15122307
5,500,1615007891813176,12762004
5,500,1615007891826412,12390689
5,500,1615007891829233,8919175
5,500,1615007891830455,15629335
5,500,1615007891841700,15411686
5,500,1615007891872008,13986357
5,500,1615007891875865,15575475
5,500,1615007891881606,8971169
5,500,1615007891882424,15986605
5,500,1615007891896943,15235750
5,500,1615007891897308,14505270
5,500,1615007891918826,14498651
5,500,1615007891918979,15421765
5,500,1615007891919019,15766383
5,500,1615007891923438,15100852
5,500,1615007891941783,14439043
5,500,1615007891950052,15407945
5,500,1615007891950258,15091053
5,500,1615007891959963,14455558
5,500,1615007891970008,15060690
5,500,1615007891972606,15371357
5,500,1615007891981420,15343949
5,500,1615007891989804,15171178
5,500,1615007891997673,12918359
5,500,1615007892004008,12380596
5,500,1615007892015424,9071420
5,500,1615007892041482,9072441
5,500,1615007892041802,15718606
5,500,1615007892066715,12934379
5,500,1615007892070313,15198813
5,500,1615007892080564,15906451
5,500,1615007892087383,12614110
5,500,1615007892087816,14153523
5,500,1615007892110889,15684022
5,500,1615007892121019,9062573
5,500,1615007892166061,9085377
5,500,1615007892181103,12790913
5,500,1615007892202587,15868713
5,500,1615007892222730,8986363
5,500,1615007892223034,8862387
5,500,1615007892240121,14214934
5,500,1615007892240561,15337516
5,500,1615007892243009,12513202
5,500,1615007892262405,15734399
5,500,1615007892298937,8935199
5,500,1615007892299181,15838131
5,500,1615007892299294,12790496
5,500,1615007892338231,8941428
5,500,1615007892338554,15975243
5,500,1615007892345806,14147646
5,500,1615007892364633,14072049
5,500,1615007892364986,15439209
5,500,1615007892391369,15823678
5,500,1615007892393941,16496435
5,500,1615007892394235,15350889
5,500,1615007892394484,13959842
5,500,1615007892394640,14861883
5,500,1615007892437071,12921554
5,500,1615007892444259,12509859
5,500,1615007892461591,15531184
5,500,1615007892501640,9055855
5,500,1615007892522200,15318467
5,500,1615007892522500,16024966
5,500,1615007892537676,12957076
5,500,1615007892537827,16039171
5,500,1615007892542643,14097618
5,500,1615007892616217,15988886
5,500,1615007892616623,16104693
5,500,1615007892626455,15053560
5,500,1615007892637943,14189767
5,500,1615007892662279,13137369
5,500,1615007892679530,8903693
5,500,1615007892687832,15637675
5,500,1615007892696298,16100050
5,500,1615007892705968,13114575
5,500,1615007892755276,12775931
5,500,1615007892757533,15542811
5,500,1615007892768167,13004747
5,500,1615007892790859,14311518
5,500,1615007892812522,16883357
5,500,1615007892847717,15190806
5,500,1615007892858464,13266706
5,500,1615007892887434,9106430
5,500,1615007892887499,16287465
5,500,1615007892913138,15803337
5,500,1615007892937087,16283460
5,500,1615007892962444,16236640
5,500,1615007892979814,16251337
5,500,1615007892990642,12845817
5,500,1615007893000644,16189115
5,500,1615007893016721,16052794
5,500,1615007893042347,17042040
5,500,1615007893057090,13271886
5,500,1615007893077039,9078888
5,500,1615007893083689,16047697
5,500,1615007893122021,16427193
5,500,1615007893122601,16580856
5,500,1615007893137560,13534320
5,500,1615007893150036,14635957
5,500,1615007893150136,15202117
5,500,1615007893197351,9171241
5,500,1615007893197388,13007438
5,500,1615007893277520,16139348
5,500,1615007893301457,9197404
5,500,1615007893304077,9147370
5,500,1615007893304613,9117737
5,500,1615007893307159,16077323
5,500,1615007893314642,14777437
5,500,1615007893325011,13533329
5,500,1615007893332399,15376746
5,500,1615007893336414,13533241
5,500,1615007893340571,16199707
5,500,1615007893350943,16740662
5,500,1615007893352462,16571325
5,500,1615007893352673,13123687
5,500,1615007893355028,17230299
5,500,1615007893356312,16318566
5,500,1615007893363053,13558613
5,500,1615007893373529,14736627
5,500,1615007893387320,13574676
5,500,1615007893393490,9191661
5,500,1615007893428314,16616499
5,500,1615007893429421,13146478
5,500,1615007893434301,15454869
5,500,1615007893461926,16140082
5,500,1615007893481694,13667881
5,500,1615007893503839,9271520
5,500,1615007893525231,17353948
5,500,1615007893529754,16313628
5,500,1615007893530040,16896032
5,500,1615007893537365,13185595
5,500,1615007893556128,16174456
5,500,1615007893569416,13756263
5,500,1615007893586754,17367682
5,500,1615007893610845,16214055
5,500,1615007893634375,17242218
5,500,1615007893652605,9417792
5,500,1615007893668125,15629977
5,500,1615007893674572,16270197
5,500,1615007893679437,17120067
5,500,1615007893710793,16227808
5,500,1615007893711991,13897879
5,500,1615007893738083,16690110
5,500,1615007893791955,16973207
5,500,1615007893796314,13288353
5,500,1615007893798446,15006150
5,500,1615007893807772,9530714
5,500,1615007893815228,17131899
5,500,1615007893820921,16463828
5,500,1615007893851258,16877593
5,500,1615007893864242,14012909
5,500,1615007893906551,9519695
5,500,1615007893912840,14042727
5,500,1615007893953611,15868764
5,500,1615007893989126,17368692
5,500,1615007893992911,13484647
5,500,1615007894018498,17255947
5,500,1615007894035313,14163005
5,500,1615007894043594,16947840
5,500,1615007894049700,15253942
5,500,1615007894055224,9646073
5,500,1615007894066990,16579732
5,500,1615007894070544,16627925
5,500,1615007894098000,9665678
5,500,1615007894117397,14244685
5,500,1615007894141034,13628680
5,500,1615007894147740,16010232
5,500,1615007894194361,17207031
5,500,1615007894196033,14289054
5,500,1615007894218985,9767441
5,500,1615007894231755,15152891
5,500,1615007894232962,16789856
5,500,1615007894263447,17621910
5,500,1615007894327487,17210360
5,500,1615007894344430,16161171
5,500,1615007894349251,14375855
5,500,1615007894349387,13819384
5,500,1615007894358565,14480026
5,500,1615007894358906,9858835
5,500,1615007894363391,16838053
5,500,1615007894379539,9868425
5,500,1615007894388585,17574477
5,500,1615007894453682,9902764
5,500,1615007894457754,15311247
5,500,1615007894457798,14387912
5,500,1615007894493471,15342595
5,500,1615007894511660,15264958
5,500,1615007894537588,15204114
5,500,1615007894548738,15141007
5,500,1615007894589722,15135267
5,500,1615007894622909,15075385
5,500,1615007894634559,15064604
5,500,1615007894641599,17940588
5,500,1615007894641842,17584904
5,500,1615007894641965,15038253
5,500,1615007894653131,14907965
5,500,1615007894665813,14774890
5,500,1615007894676957,14661635
5,500,1615007894688015,14664397
5,500,1615007894744012,14695214
5,500,1615007894744797,14658730
5,500,1615007894746979,14648232
5,500,1615007894752982,14608559
5,500,1615007894759190,14593324
5,500,1615007894775027,14560916
5,500,1615007894783383,14430773
5,500,1615007894789933,14305789
5,500,1615007894814180,14252421
5,500,1615007894814327,14211226
5,500,1615007894822254,17322017
5,500,1615007894823347,10237513
5,500,1615007894836347,14279687
5,500,1615007894840757,14862075
5,500,1615007894840877,17236967
5,500,1615007894840909,17930904
5,500,1615007894844981,14215350
5,500,1615007894872948,10057667
5,500,1615007894931536,16720688
5,500,1615007894934977,14689163
5,500,1615007894997593,14987961
5,500,1615007894997836,14415102
5,500,1615007894999472,10161440
5,500,1615007894999683,17571083
5,500,1615007895008529,18171409
5,500,1615007895025888,14286254
5,500,1615007895034446,10166487
5,500,1615007895062705,18000215
5,500,1615007895070931,14824680
5,500,1615007895089897,14483315
5,500,1615007895099017,16855237
5,500,1615007895119424,17380686
5,500,1615007895147504,10232229
5,500,1615007895155426,15085910
5,500,1615007895155987,18044437
5,500,1615007895168186,17536955
5,500,1615007895262328,10343584
5,500,1615007895266394,17812431
5,500,1615007895277482,14592936
5,500,1615007895304515,14897256
5,500,1615007895316026,17017600
5,500,1615007895316838,10239729
5,500,1615007895336502,15216028
5,500,1615007895352000,14504135
5,500,1615007895365190,17614449
5,500,1615007895377587,18520318
5,500,1615007895386456,10214048
5,500,1615007895396088,14968496
5,500,1615007895396257,17731633
5,500,1615007895412097,18286099
5,500,1615007895412621,14628080
5,500,1615007895419346,17937708
5,500,1615007895432878,10241102
5,500,1615007895443881,15174992
5,500,1615007895444116,14408529
5,500,1615007895458229,18333499
5,500,1615007895468183,14988864
5,500,1615007895473716,17776832
5,500,1615007895473897,10216255
5,500,1615007895498247,17938535
5,500,1615007895509176,14331689
5,500,1615007895520456,10223978
5,500,1615007895534735,17100441
5,500,1615007895541577,15057179
5,500,1615007895567003,14717877
5,500,1615007895571629,14375113
5,500,1615007895573600,17987779
5,500,1615007895585925,10233674
5,500,1615007895592358,14328551
5,500,1615007895594740,17887043
5,500,1615007895635489,17835394
5,500,1615007895635598,17887878
5,500,1615007895639388,14358285
5,500,1615007895646556,17864021
5,500,1615007895665641,17840131
5,500,1615007895665790,14367752
5,500,1615007895685398,17733508
5,500,1615007895689769,14386229
5,500,1615007895700558,15368114
5,500,1615007895734482,17773103
5,500,1615007895734599,14342100
5,500,1615007895782878,17788832
5,500,1615007895785710,17778526
5,500,1615007895786187,14275659
5,500,1615007895786317,14266621
5,500,1615007895815271,18875119
5,500,1615007895816990,10457620
5,500,1615007895835888,17808636
5,500,1615007895840784,14306274
5,500,1615007895843240,14287580
5,500,1615007895895344,14948044
5,500,1615007895899260,17850390
5,500,1615007895900778,17456981
5,500,1615007895902689,15360313
5,500,1615007895927463,18605403
5,500,1615007895929169,10554233
5,500,1615007895977806,15548769
5,500,1615007896003771,10584276
5,500,1615007896004040,10472394
5,500,1615007896004405,15052601
5,500,1615007896005379,14437033
5,500,1615007896006505,18200909
5,500,1615007896035851,18882486
5,500,1615007896036460,15474974
5,500,1615007896038121,18231818
5,500,1615007896070984,10472507
5,500,1615007896073766,10437898
5,500,1615007896116078,17668365
5,500,1615007896117296,15642602
5,500,1615007896161929,19207888
5,500,1615007896164271,10516117
5,500,1615007896164783,15139366
5,500,1615007896165268,18090335
5,500,1615007896165634,14538337
5,500,1615007896166053,18279518
5,500,1615007896210933,15619430
5,500,1615007896235296,18881801
5,500,1615007896242547,18340552
5,500,1615007896282743,18970589
5,500,1615007896298394,15787705
5,500,1615007896320813,10594823
5,500,1615007896321505,15255096
5,500,1615007896341002,17828745
5,500,1615007896423863,15885901
5,500,1615007896436537,15793226
5,500,1615007896436807,15772060
5,500,1615007896437336,10709610
5,500,1615007896437613,10620088
5,500,1615007896457293,14702619
5,500,1615007896458518,17943987
5,500,1615007896472480,19517064
5,500,1615007896487250,18480413
5,500,1615007896487369,18343355
5,500,1615007896489295,10639945
5,500,1615007896510870,10651005
5,500,1615007896511282,15271228
5,500,1615007896511858,18346433
5,500,1615007896513129,18399663
5,500,1615007896530526,17975941
5,500,1615007896536778,15699716
5,500,1615007896536895,15669061
5,500,1615007896537258,10601892
5,500,1615007896541482,10321512
5,500,1615007896597943,18445011
5,500,1615007896620285,18062690
5,500,1615007896643558,19281516
5,500,1615007896647669,15706065
5,500,1615007896650911,15686771
5,500,1615007896651011,15672135
5,500,1615007896651039,15510602
5,500,1615007896651161,15483543
5,500,1615007896651240,15418118
5,500,1615007896651337,15332717
5,500,1615007896739743,15333525
5,500,1615007896739994,15305741
5,500,1615007896740148,15107703
5,500,1615007896745156,15031024
5,500,1615007896745773,15017217
5,500,1615007896746088,14912536
5,500,1615007896787793,14877888
5,500,1615007896795012,14798306
5,500,1615007896802900,14796117
5,500,1615007896806886,14793681
5,500,1615007896806978,14639789
5,500,1615007896810569,14541395
5,500,1615007896881941,10655327
5,500,1615007896887843,15592258
5,500,1615007896889274,18745631
5,500,1615007896908873,16298790
5,500,1615007896909352,16225152
5,500,1615007896919869,18646357
5,500,1615007896920694,14497632
5,500,1615007896920972,14492149
5,500,1615007896921774,10686202
5,500,1615007896943992,15598224
5,500,1615007896946808,19504555
5,500,1615007896977886,18803717
5,500,1615007897011744,15112825
5,500,1615007897031698,20030968
5,500,1615007897036716,10714646
5,500,1615007897051716,15565376
5,500,1615007897057813,16272263
5,500,1615007897083658,15089650
5,500,1615007897115660,10781068
5,500,1615007897148431,10744419
5,500,1615007897152689,18912168
5,500,1615007897178072,15085070
5,500,1615007897202912,18597160
5,500,1615007897206309,10669838
5,500,1615007897206601,10658511
5,500,1615007897261646,20238275
5,500,1615007897315705,10715020
5,500,1615007897315826,10694892
5,500,1615007897316145,10671340
5,500,1615007897318884,10658712
5,500,1615007897320429,10633419
5,500,1615007897324232,19165258
5,500,1615007897341148,14881872
5,500,1615007897356760,16446101
5,500,1615007897372315,18997721
5,500,1615007897391733,19941113
5,500,1615007897392683,15852523
5,500,1615007897420814,15289383
5,500,1615007897443434,19838540
5,500,1615007897477300,10781687
5,500,1615007897497407,18885664
5,500,1615007897498054,16547567
5,500,1615007897504806,19120966
5,500,1615007897522389,20481935
5,500,1615007897544945,15997248
5,500,1615007897623522,19355989
5,500,1615007897624109,19213543
5,500,1615007897711661,16728947
5,500,1615007897711794,18980926
5,500,1615007897715034,10940864
5,500,1615007897719686,20185836
5,500,1615007897723700,16175595
5,500,1615007897726956,19302655
5,500,1615007897743731,15168178
5,500,1615007897774927,20686654
5,500,1615007897775179,10995523
5,500,1615007897808020,16792438
5,500,1615007897808078,16120932
5,500,1615007897813967,15577618
5,500,1615007897856493,20226027
5,500,1615007897894316,11079935
5,500,1615007897894580,20321285
5,500,1615007897949185,15214529
5,500,1615007897949542,19509954
5,500,1615007897957532,20276479
5,500,1615007897980408,19672164
5,500,1615007897983324,19540689
5,500,1615007898004983,20314094
5,500,1615007898018067,16165224
5,500,1615007898051771,20355210
5,500,1615007898057504,20312545
5,500,1615007898090743,19284153
5,500,1615007898090920,20294658
5,500,1615007898129871,11187209
5,500,1615007898134201,20332174
5,500,1615007898134362,20210970
5,500,1615007898147529,20275885
5,500,1615007898230975,20316407
5,500,1615007898231120,20308067
5,500,1615007898231339,20130010
5,500,1615007898231636,20127555
5,500,1615007898231933,15963071
5,500,1615007898248740,20279053
5,500,1615007898249061,20031850
5,500,1615007898276151,20055263
5,500,1615007898276234,20208514
5,500,1615007898339796,17308879
5,500,1615007898398552,11438993
5,500,1615007898437468,20216202
5,500,1615007898469393,21377888
5,500,1615007898488838,20113174
5,500,1615007898488899,11448423
5,500,1615007898489107,20412535
5,500,1615007898489200,16535983
5,500,1615007898551019,20104802
5,500,1615007898552007,15809320
5,500,1615007898552069,17381576
5,500,1615007898553898,19662396
5,500,1615007898555670,20108544
5,500,1615007898587711,11464184
5,500,1615007898588489,16472136
5,500,1615007898588892,16238422
5,500,1615007898609565,11361021
5,500,1615007898642247,17340345
5,500,1615007898642560,11379691
5,500,1615007898691490,17356466
5,500,1615007898691697,16562594
5,500,1615007898691779,11330289
5,500,1615007898691815,20532428
5,500,1615007898692791,20416342
5,500,1615007898722272,17360507
5,500,1615007898726176,11332640
5,500,1615007898726316,16576384
5,500,1615007898746156,11346597
5,500,1615007898748094,15984238
5,500,1615007898748376,17291816
5,500,1615007898748485,16555621
5,500,1615007898772605,11301531
5,500,1615007898774132,20261539
5,500,1615007898793737,17283695
5,500,1615007898794072,16511407
5,500,1615007898794416,11310139
5,500,1615007898794491,20573033
5,500,1615007898812572,17200056
5,500,1615007898813360,16427119
5,500,1615007898814480,11325876
5,500,1615007898814631,20291776
5,500,1615007898855563,11333930
5,500,1615007898855703,20433277
5,500,1615007898895349,21757629
5,500,1615007898944193,20494555
5,500,1615007898944442,20493087
5,500,1615007898987913,20528408
5,500,1615007899035320,16590580
5,500,1615007899035412,20143143
5,500,1615007899038247,11289864
5,500,1615007899039462,20796149
5,500,1615007899052163,16282764
5,500,1615007899052326,17170652
5,500,1615007899093303,16734910
5,500,1615007899093436,20621129
5,500,1615007899139535,20599987
5,500,1615007899186162,20913073
5,500,1615007899217283,20761176
5,500,1615007899217345,16419367
5,500,1615007899217499,20292242
5,500,1615007899217667,11453147
5,500,1615007899241598,22019531
5,500,1615007899241731,16693060
5,500,1615007899241812,20741553
5,500,1615007899284224,20842198
5,500,1615007899284444,11462050
5,500,1615007899284522,16901355
5,500,1615007899322907,17423470
5,500,1615007899323113,20663171
5,500,1615007899344653,20901317
5,500,1615007899368674,20707297
5,500,1615007899402122,20453867
5,500,1615007899435330,16778164
5,500,1615007899435543,20988202
5,500,1615007899448399,17494835
5,500,1615007899450977,16526042
5,500,1615007899453690,11489621
5,500,1615007899504502,20751933
5,500,1615007899505821,20972725
5,500,1615007899507550,21028967
5,500,1615007899510002,21047441
5,500,1615007899532797,20731098
5,500,1615007899569807,17486207
5,500,1615007899570187,11531097
5,500,1615007899570389,16899910
5,500,1615007899625563,20978145
5,500,1615007899627239,17467241
5,500,1615007899633341,20666017
5,500,1615007899633699,16953686
5,500,1615007899641194,21180525
5,500,1615007899662539,20854168
5,500,1615007899662675,17486055
5,500,1615007899662787,20511253
5,500,1615007899662819,16868475
5,500,1615007899681753,17454077
5,500,1615007899682093,22276190
5,500,1615007899690897,16699318
5,500,1615007899785054,21121407
5,500,1615007899785342,17536269
5,500,1615007899785505,17388914
5,500,1615007899786012,11710251
5,500,1615007899786052,16931550
5,500,1615007899798600,20977492
5,500,1615007899799869,20621002
5,500,1615007899815358,16946523
5,500,1615007899828690,21107100
5,500,1615007899829282,21222988
5,500,1615007899835843,17471656
5,500,1615007899845584,20624476
5,500,1615007899884333,16871635
5,500,1615007899893767,21010653
5,500,1615007899893983,11786490
5,500,1615007899914649,21267914
5,500,1615007899934212,17416665
5,500,1615007899948441,21217966
5,500,1615007899951079,21280678
5,500,1615007899951276,16914759
5,500,1615007900002500,20775013
5,500,1615007900027579,11699792
5,500,1615007900036225,17003479
5,500,1615007900036342,17396095
5,500,1615007900053137,21161150
5,500,1615007900053505,17620802
5,500,1615007900092469,21160893
5,500,1615007900134420,17063874
5,500,1615007900200845,21464532
5,500,1615007900200957,22675009
5,500,1615007900211102,11788220
5,500,1615007900315414,21028313
5,500,1615007900315464,21633315
5,500,1615007900315643,17600077
5,500,1615007900334765,11833438
5,500,1615007900362571,21680020
5,500,1615007900367563,17280566
5,500,1615007900378797,17341873
5,500,1615007900516414,17426038
5,500,1615007900536331,12007412
5,500,1615007900548431,11988774
5,500,1615007900548711,11973283
5,500,1615007900551316,11884854
5,500,1615007900552283,11789549
5,500,1615007900553236,18041015
5,500,1615007900569693,17454358
5,500,1615007900570296,11769708
5,500,1615007900594979,17794617
5,500,1615007900596665,21599864
5,500,1615007900628992,21844550
5,500,1615007900630333,21730329
5,500,1615007900655592,17475475
5,500,1615007900655868,17463667
5,500,1615007900658905,17285571
5,500,1615007900663323,11720054
5,500,1615007900666985,11699095
5,500,1615007900667372,11669084
5,500,1615007900667603,11602829
5,500,1615007900670965,11568815
5,500,1615007900675233,11537302
5,500,1615007900676072,17585386
5,500,1615007900677333,21329520
5,500,1615007900715360,23109340
5,500,1615007900716052,17341983
5,500,1615007900716529,17339854
5,500,1615007900716689,11531955
5,500,1615007900716759,11470195
5,500,1615007900754408,17208142
5,500,1615007900773187,11428860
5,500,1615007900774938,11397583
5,500,1615007900778898,11341591
5,500,1615007900782862,11312146
5,500,1615007900819107,17257452
5,500,1615007900819431,17242897
5,500,1615007900819568,11276204
5,500,1615007900819753,11244885
5,500,1615007900828251,11220919
5,500,1615007900832420,22013088
5,500,1615007900838259,17237925
5,500,1615007900892762,17251766
5,500,1615007900901611,11258179
5,500,1615007900901749,11252763
5,500,1615007900901873,11209379
5,500,1615007900901912,11207527
5,500,1615007900935782,22163999
5,500,1615007900936185,18045446
5,500,1615007900936474,17294084
5,500,1615007900936541,17276468
5,500,1615007900950835,17256058
5,500,1615007900951146,18426917
5,500,1615007900954172,17856849
5,500,1615007901028378,17288607
5,500,1615007901032249,17216194
5,500,1615007901032356,17216152
5,500,1615007901032441,17154285
5,500,1615007901034478,22200984
5,500,1615007901047957,22198940
5,500,1615007901056649,23400202
5,500,1615007901058119,22109248
5,500,1615007901070770,11335451
5,500,1615007901071053,11333170
5,500,1615007901072781,21982144
5,500,1615007901078962,22175119
5,500,1615007901079768,21669828
5,500,1615007901084978,18116736
5,500,1615007901086262,18535723
5,500,1615007901128787,22219012
5,500,1615007901140844,17091909
5,500,1615007901140977,11373831
5,500,1615007901141070,17848684
5,500,1615007901150549,22210908
5,500,1615007901152226,21726858
5,500,1615007901174210,22314369
5,500,1615007901192678,18154884
5,500,1615007901208222,11434816
5,500,1615007901211146,22195324
5,500,1615007901246908,17880381
5,500,1615007901259259,11459060
5,500,1615007901262950,22053247
5,500,1615007901291519,23624771
5,500,1615007901291914,17156388
5,500,1615007901292137,22335210
5,500,1615007901292252,18528039
5,500,1615007901310553,22386565
5,500,1615007901327223,21869360
5,500,1615007901339950,11536934
5,500,1615007901343982,18150751
5,500,1615007901344087,22322755
5,500,1615007901357459,22408045
5,500,1615007901371226,21866847
5,500,1615007901399525,22490302
5,500,1615007901433767,11617540
5,500,1615007901457716,18600897
5,500,1615007901467412,17309766
5,500,1615007901481654,18086660
5,500,1615007901494204,22544475
5,500,1615007901517313,21890353
5,500,1615007901527082,22273312
5,500,1615007901595652,18389164
5,500,1615007901608938,18699750
5,500,1615007901614247,11669527
5,500,1615007901659125,23922750
5,500,1615007901694649,22645952
5,500,1615007901722953,11754393
5,500,1615007901744562,17454919
5,500,1615007901751015,11765447
5,500,1615007901754880,22806253
5,500,1615007901758882,22735560
5,500,1615007901760334,18262295
5,500,1615007901803970,22820083
5,500,1615007901804188,18543950
5,500,1615007901815382,11818638
5,500,1615007901817781,22713304
5,500,1615007901844886,22001286
5,500,1615007901845193,11804637
5,500,1615007901845273,18729610
5,500,1615007901877551,24105909
5,500,1615007901878081,17523492
5,500,1615007901894383,22493927
5,500,1615007901894923,18370429
5,500,1615007901907406,18488513
5,500,1615007901956389,18426875
5,500,1615007901966459,22974747
5,500,1615007902010166,22146742
5,500,1615007902018956,22867766
5,500,1615007902031546,11838333
5,500,1615007902039483,22934514
5,500,1615007902045548,17601287
5,500,1615007902064645,18872154
5,500,1615007902110010,18525062
5,500,1615007902204123,11976960
5,500,1615007902231081,23203567
5,500,1615007902233170,24460697
5,500,1615007902233385,23236351
5,500,1615007902271817,17690116
5,500,1615007902291386,22818001
5,500,1615007902305357,18685539
5,500,1615007902324772,23131094
5,500,1615007902348501,17645035
5,500,1615007902365238,12100316
5,500,1615007902374554,22496379
5,500,1615007902456848,17709132
5,500,1615007902554250,18890779
5,500,1615007902640686,23624366
5,500,1615007902729830,23651248
5,500,1615007902735033,12381979
5,500,1615007902845093,25054203
5,500,1615007902907057,19685753
5,500,1615007902942494,23815421
5,500,1615007902942810,23001326
5,500,1615007902979371,23833448
5,500,1615007902981991,23022875
5,500,1615007902999875,12577922
5,500,1615007903044381,23877336
5,500,1615007903046344,23078849
5,500,1615007903090345,19422274
5,500,1615007903093442,23853904
5,500,1615007903121527,24011551
5,500,1615007903169328,23954256
5,500,1615007903182214,23132963
5,500,1615007903233701,18321030
5,500,1615007903282592,12832661
5,500,1615007903312750,24033767
5,500,1615007903322216,19610485
5,500,1615007903324775,19462194
5,500,1615007903422733,25586610
5,500,1615007903494902,20266107
5,500,1615007903529315,19792670
5,500,1615007903567478,24045173
5,500,1615007903568522,23505896
5,500,1615007903568935,13043217
5,500,1615007903570689,18628788
5,500,1615007903650113,24403796
5,500,1615007903752198,19849261
5,500,1615007903757468,24641765
5,500,1615007903955444,13353930
5,500,1615007903986971,24664208
5,500,1615007903992616,24670556
5,500,1615007904004763,24434428
5,500,1615007904035187,23956462
5,500,1615007904115237,20181818
5,500,1615007904121427,24863264
5,500,1615007904127434,20898280
5,500,1615007904237046,20308721
5,500,1615007904246709,13623900
5,500,1615007904363170,19360712
5,500,1615007904499884,26594463
5,500,1615007904573798,13887943
5,500,1615007904648698,20505243
5,500,1615007904649117,25483507
5,500,1615007904731979,24646264
5,500,1615007904758633,20793142
5,500,1615007904815368,25482449
5,500,1615007904827892,25478727
5,500,1615007904857586,21613358
5,500,1615007904925378,19871078
5,500,1615007904983815,14270326
5,500,1615007905016477,14206148
5,500,1615007905104228,25409480
5,500,1615007905106705,25779632
5,500,1615007905145295,14278887
5,500,1615007905146704,14090234
5,500,1615007905230868,14068662
5,500,1615007905235058,14042821
5,500,1615007905235460,21032633
5,500,1615007905285548,21261940
5,500,1615007905314121,27317285
5,500,1615007905327847,14005720
5,500,1615007905359999,13978469
5,500,1615007905368867,20171429
5,500,1615007905389631,13936098
5,500,1615007905401658,21112491
5,500,1615007905419008,13960029
5,500,1615007905437540,25351031
5,500,1615007905443797,13961873
5,500,1615007905473801,26277415
5,500,1615007905485129,13932745
5,500,1615007905545280,25946107
5,500,1615007905549963,21466536
5,500,1615007905552641,22285164
5,500,1615007905587623,26253240
5,500,1615007905609918,14050414
5,500,1615007905659085,21271987
5,500,1615007905782655,14183596
5,500,1615007905807559,25931545
5,500,1615007905815031,21661005
5,500,1615007905816661,20615245
5,500,1615007905839942,26492390
5,500,1615007905861114,25664436
5,500,1615007905924127,21491378
5,500,1615007905954946,27949971
5,500,1615007905965120,26327627
5,500,1615007905966667,26706597
5,500,1615007905968046,14337634
5,500,1615007906017485,22724517
5,500,1615007906041506,21752597
5,500,1615007906094715,26735326
5,500,1615007906154804,20869686
5,500,1615007906314260,14631831
5,500,1615007906339737,14613560
5,500,1615007906340015,21801672
5,500,1615007906342896,26929324
5,500,1615007906348893,26147134
5,500,1615007906394804,26899649
5,500,1615007906427261,22136657
5,500,1615007906429599,14623646
5,500,1615007906454782,26405180
5,500,1615007906460376,28433429
5,500,1615007906477134,26769368
5,500,1615007906522383,27159610
5,500,1615007906544343,14729533
5,500,1615007906568067,23248305
5,500,1615007906600563,21259927
5,500,1615007906705394,27097115
5,500,1615007906724973,27078629
5,500,1615007906788667,14852303
5,500,1615007906840937,27109825
5,500,1615007906853932,27109539
5,500,1615007906855260,22306764
5,500,1615007906886692,27140914
5,500,1615007906973957,22611996
5,500,1615007906974790,27094674
5,500,1615007907047002,27153252
5,500,1615007907048126,26784709
5,500,1615007907074265,27639660
5,500,1615007907113832,21722010
5,500,1615007907176437,15225881
5,500,1615007907229564,27285491
5,500,1615007907248609,23820030
5,500,1615007907250447,27535161
5,500,1615007907270574,22690304
5,500,1615007907327565,29259477
5,500,1615007907327934,15343982
5,500,1615007907383133,22996618
5,500,1615007907467310,27150745
5,500,1615007907468606,27353642
5,500,1615007907551287,27952887
5,500,1615007907552183,22940634
5,500,1615007907647627,22222661
5,500,1615007907650911,27928889
5,500,1615007907651621,23192720
5,500,1615007907652627,23193619
5,500,1615007907675624,27351110
5,500,1615007907695217,23012300
5,500,1615007907705423,22976312
5,500,1615007907727284,27943464
5,500,1615007907736557,15746842
5,500,1615007907766834,23036243
5,500,1615007907833033,23348604
5,500,1615007907833320,23315714
5,500,1615007907883290,28441605
5,500,1615007907913705,27844567
5,500,1615007907923574,23144024
5,500,1615007907930438,24368594
5,500,1615007907932636,15851636
5,500,1615007907995947,27359244
5,500,1615007908259069,23692030
5,500,1615007908282317,30120856
5,500,1615007908286807,22795831
5,500,1615007908287444,27644531
5,500,1615007908287729,27971581
5,500,1615007908288524,28665601
5,500,1615007908289446,23398621
5,500,1615007908290208,28499121
5,500,1615007908327644,16213081
5,500,1615007908327973,16180446
5,500,1615007908331066,16138668
5,500,1615007908332325,28883137
5,500,1615007908333556,24710124
5,500,1615007908346182,23737334
5,500,1615007908350251,22758254
5,500,1615007908369318,28256319
5,500,1615007908440980,23548402
5,500,1615007908595498,28791946
5,500,1615007908598866,23958149
5,500,1615007908600288,27775816
5,500,1615007908608652,23705999
5,500,1615007908648350,16408281
5,500,1615007908649658,29181149
5,500,1615007908684458,28872085
5,500,1615007908692183,30378846
5,500,1615007908700122,27874979
5,500,1615007908751457,28895771
5,500,1615007908777383,27890985
5,500,1615007908803092,28946873
5,500,1615007908820409,24149418
5,500,1615007908839534,27899431
5,500,1615007908893729,25269961
5,500,1615007908927774,16628057
5,500,1615007908952411,27998857
5,500,1615007908952532,27917804
5,500,1615007908952853,27862410
5,500,1615007908967671,28616659
5,500,1615007908972811,24040322
5,500,1615007908974030,29102386
5,500,1615007908999112,29063057
5,500,1615007908999246,28914559
5,500,1615007908999498,28823856
5,500,1615007909002055,23248480
5,500,1615007909013804,27905168
5,500,1615007909014828,29324745
5,500,1615007909262723,24328310
5,500,1615007909283460,29016770
5,500,1615007909284439,24582972
5,500,1615007909285676,23504719
5,500,1615007909286294,16920035
5,500,1615007909286686,16766756
5,500,1615007909298992,29786559
5,500,1615007909299447,29178512
5,500,1615007909300198,28152861
5,500,1615007909365357,25694767
5,500,1615007909383630,24681706
5,500,1615007909384693,31009498
5,500,1615007909487381,16945874
5,500,1615007909617726,29193987
5,500,1615007909625566,24617277
5,500,1615007909658841,29951203
5,500,1615007909660915,29389827
5,500,1615007909685601,16828652
5,500,1615007909692156,30023420
5,500,1615007909697725,29553691
5,500,1615007909710249,28486368
5,500,1615007909715635,29338053
5,500,1615007909718521,31270055
5,500,1615007909731527,28311457
5,500,1615007909832041,28357677
5,500,1615007909832179,28322883
5,500,1615007909840360,29461932
5,500,1615007909840493,29450418
5,500,1615007909883433,26113094
5,500,1615007909883857,28369007
5,500,1615007909885842,29444325
5,500,1615007909938445,28334406
5,500,1615007909965180,29501468
5,500,1615007909965442,29490990
5,500,1615007909966793,24157232
5,500,1615007909989063,28311708
5,500,1615007910024056,25231888
5,500,1615007910029559,28122460
5,500,1615007910065755,29563773
5,500,1615007910091313,29508112
5,500,1615007910160091,28156648
5,500,1615007910172499,28121687
5,500,1615007910174867,29591181
5,500,1615007910190965,29520757
5,500,1615007910226127,17322440
5,500,1615007910248390,28190389
5,500,1615007910279462,29515314
5,500,1615007910332756,28243546
5,500,1615007910345015,25314513
5,500,1615007910360788,17456722
5,500,1615007910375459,17471020
5,500,1615007910474848,25661647
5,500,1615007910620211,29817943
5,500,1615007910656775,30119340
5,500,1615007910675281,32163408
5,500,1615007910675713,24679967
5,500,1615007910679522,17576215
5,500,1615007910680580,30980149
5,500,1615007910691283,30475713
5,500,1615007910692239,26851474
5,500,1615007910745581,25713030
5,500,1615007910816495,30972331
5,500,1615007910869617,17620898
5,500,1615007911042724,26229106
5,500,1615007911043511,32278840
5,500,1615007911044393,17737473
5,500,1615007911075140,28908425
5,500,1615007911244921,26190106
5,500,1615007911253671,30371720
5,500,1615007911254063,26438486
5,500,1615007911269141,32408519
5,500,1615007911269965,17910190
5,500,1615007911292457,25296236
5,500,1615007911293487,31002309
5,500,1615007911308657,26190547
5,500,1615007911312549,31583740
5,500,1615007911324097,27387839
5,500,1615007911343643,30773696
5,500,1615007911350172,30972203
5,500,1615007911406723,26588792
5,500,1615007911435868,18059763
5,500,1615007911540410,26260793
5,500,1615007911544022,26628261
5,500,1615007911545646,18084176
5,500,1615007911546015,18062187
5,500,1615007911570188,26223574
5,500,1615007911681110,18123553
5,500,1615007911713121,29518924
5,500,1615007911716693,26733336
5,500,1615007911764394,18194741
5,500,1615007911774785,18144243
5,500,1615007911806744,32907133
5,500,1615007911807186,18159019
5,500,1615007911814864,18093559
5,500,1615007911819932,25788271
5,500,1615007911822415,30821058
5,500,1615007911882691,18006568
5,500,1615007911914999,27919779
5,500,1615007911943586,18002091
5,500,1615007912095027,31716279
5,500,1615007912096016,26741278
5,500,1615007912096637,27101193
5,500,1615007912165425,18210829
5,500,1615007912166200,32324143
5,500,1615007912190041,31499861
5,500,1615007912190739,31839358
5,500,1615007912248746,26118086
5,500,1615007912267606,30010210
5,500,1615007912270529,31219114
5,500,1615007912342240,33385005
5,500,1615007912367694,28211363
5,500,1615007912420601,27063937
5,500,1615007912421624,27361346
5,500,1615007912509709,31341610
5,500,1615007912551159,18576477
5,500,1615007912560238,32159382
5,500,1615007912567095,30298599
5,500,1615007912674410,18689801
5,500,1615007912683601,26494484
5,500,1615007912744428,27258375
5,500,1615007912745357,27640294
5,500,1615007912769564,28583757
5,500,1615007912849029,32993647
5,500,1615007912870446,33903930
5,500,1615007912874993,18851808
5,500,1615007912926748,32184539
5,500,1615007912955828,32469101
5,500,1615007912962374,30688860
5,500,1615007912994279,31740474
5,500,1615007913075514,33916436
5,500,1615007913106379,32704197
5,500,1615007913191490,19145167
5,500,1615007913217106,26951427
5,500,1615007913294809,28162976
5,500,1615007913316755,27827042
5,500,1615007913421688,29220499
5,500,1615007913539557,19486024
5,500,1615007913578554,33636412
5,500,1615007913637402,31355786
5,500,1615007913723116,32464189
5,500,1615007913761547,28241074
5,500,1615007913776853,19709357
5,500,1615007913801542,34608169
5,500,1615007913811521,33848074
5,500,1615007913833756,27502081
5,500,1615007913845563,33376482
5,500,1615007913889475,28654529
5,500,1615007913940899,29651508
5,500,1615007914030116,19849919
5,500,1615007914030740,33156558
5,500,1615007914051482,33501802
5,500,1615007914167157,33693079
5,500,1615007914201862,28644111
5,500,1615007914258442,29023106
5,500,1615007914276872,31801525
5,500,1615007914335068,34966414
5,500,1615007914361561,32987037
5,500,1615007914363304,20172577
5,500,1615007914448275,31960625
5,500,1615007914465647,28130086
5,500,1615007914475991,33054839
5,500,1615007914555733,30255366
5,500,1615007914619811,33719105
5,500,1615007914620861,34044302
5,500,1615007914624413,34631252
5,500,1615007914732174,20462654
5,500,1615007914784261,29171495
5,500,1615007914933598,30626578
5,500,1615007915322861,20957018
5,500,1615007915323570,30051654
5,500,1615007915443332,29023941
5,500,1615007915443543,34835587
5,500,1615007915680963,33189527
5,500,1615007915681684,35596364
5,500,1615007915682891,34781864
5,500,1615007915708117,36285494
5,500,1615007915708400,21336550
5,500,1615007915842527,30214610
5,500,1615007915842601,34414288
5,500,1615007915842741,29362213
5,500,1615007915842853,21453468
5,500,1615007915843011,35227683
5,500,1615007915843304,30507857
5,500,1615007915894187,30161621
5,500,1615007915894235,33390014
5,500,1615007915894509,21477073
5,500,1615007915894649,31587336
5,500,1615007915945619,34511800
5,500,1615007915945900,35289758
5,500,1615007916211618,30799655
5,500,1615007916599056,36267754
5,500,1615007916599336,37030927
5,500,1615007916599441,30051008
5,500,1615007916601152,30822325
5,500,1615007916601417,22183165
5,500,1615007916601656,22144763
5,500,1615007916601715,35886133
5,500,1615007916601848,32227117
5,500,1615007916604730,32192918
5,500,1615007916604893,32185827
5,500,1615007916605078,32158171
5,500,1615007916605271,34093896
5,500,1615007916605399,35697747
5,500,1615007916605460,31173016
