6,200,1615007872528866,532416
6,200,1615007872529505,566302
6,200,1615007872535671,528696
6,200,1615007872542453,504371
6,200,1615007872546810,561844
6,200,1615007872554229,524189
6,200,1615007872562712,473420
6,200,1615007872567953,582353
6,200,1615007872604295,566680
6,200,1615007872604816,621411
6,200,1615007872606890,642248
6,200,1615007872616009,621278
6,200,1615007872633750,382508
6,200,1615007872644343,635537
6,200,1615007872665170,596719
6,200,1615007872672771,619514
6,200,1615007872716451,460594
6,200,1615007872717912,634812
6,200,1615007872718067,669456
6,200,1615007872721250,752492
6,200,1615007872722530,603072
6,200,1615007872726954,670833
6,200,1615007872736638,728087
6,200,1615007872751683,497179
6,200,1615007872771873,686545
6,200,1615007872880761,809467
6,200,1615007872881470,900364
6,200,1615007872882492,758746
6,200,1615007872899169,803642
6,200,1615007872899806,761691
6,200,1615007872908760,653335
6,200,1615007872930780,921497
6,200,1615007872944189,656411
6,200,1615007872945504,655456
6,200,1615007872991182,933311
6,200,1615007873025224,1028384
6,200,1615007873042208,698784
6,200,1615007873047797,678505
6,200,1615007873073117,972754
6,200,1615007873114335,824390
6,200,1615007873114561,771850
6,200,1615007873190469,903223
6,200,1615007873205605,836720
6,200,1615007873211257,1089340
6,200,1615007873220813,1134640
6,200,1615007873321133,1236178
6,200,1615007873433208,1425887
6,200,1615007873433563,1177946
6,500,1615007873566995,1425159
6,500,1615007873754148,1497978
6,500,1615007873844316,1555509
6,500,1615007873844561,1557095
6,500,1615007873849226,1594169
6,500,1615007873849808,1781724
6,500,1615007873854720,1749284
6,500,1615007873854861,1567992
6,500,1615007873857699,1448725
6,500,1615007873862413,1434876
6,500,1615007873885644,1358294
6,500,1615007873886820,1339409
6,500,1615007873887266,1597622
6,500,1615007873905289,1534731
6,500,1615007873912704,1596564
6,500,1615007873919665,1664403
6,500,1615007873920863,1631406
6,500,1615007873922018,1784218
6,500,1615007873925513,1607403
6,500,1615007873942552,1795053
6,500,1615007873966595,1400207
6,500,1615007873977188,1829179
6,500,1615007873979752,1879728
6,500,1615007874024273,1678157
6,500,1615007874050053,1551948
6,500,1615007874050164,1763051
6,500,1615007874054346,1737637
6,500,1615007874054466,1799683
6,500,1615007874056533,1667756
6,500,1615007874060578,1744973
6,500,1615007874068499,1446292
6,500,1615007874068985,1681813
6,500,1615007874091168,1674687
6,500,1615007874114926,1828374
6,500,1615007874115150,1825842
6,500,1615007874115543,1771072
6,500,1615007874169148,1537585
6,500,1615007874169221,1880170
6,500,1615007874219219,1711885
6,500,1615007874219323,1680791
6,500,1615007874220402,1679956
6,500,1615007874220866,1674958
6,500,1615007874221377,1661249
6,500,1615007874247120,1676310
6,500,1615007874250387,1804201
6,500,1615007874250726,1675377
6,500,1615007874250798,1905344
6,500,1615007874251482,1907554
6,500,1615007874255389,1579986
6,500,1615007874257742,2011229
6,500,1615007874379318,1798534
6,500,1615007874380263,1991340
6,500,1615007874394356,1950661
6,500,1615007874394616,1786244
6,500,1615007874396401,2026601
6,500,1615007874396666,2009034
6,500,1615007874413178,2070053
6,500,1615007874415000,1781770
6,500,1615007874415927,1662498
6,500,1615007874416201,1662269
6,500,1615007874421349,1662104
6,500,1615007874429404,1546927
6,500,1615007874433479,1503834
6,500,1615007874433642,1488555
6,500,1615007874438485,1832951
6,500,1615007874439134,1735070
6,500,1615007874443003,1981053
6,500,1615007874445404,1893906
6,500,1615007874451361,1817970
6,500,1615007874453747,2064449
6,500,1615007874458388,2088179
6,500,1615007874464002,1485531
6,500,1615007874691938,1698537
6,500,1615007874695350,1648367
6,500,1615007874696696,1597072
6,500,1615007874705021,1599999
6,500,1615007874705106,1580941
6,500,1615007874718551,1575638
6,500,1615007874720174,2156984
6,500,1615007874726389,2336597
6,500,1615007874735859,2481830
6,500,1615007874740581,2169426
6,500,1615007874744350,2040658
6,500,1615007874804828,2340302
6,500,1615007874804975,2311782
6,500,1615007874809748,2441642
6,500,1615007874815384,2092868
6,500,1615007874815681,2068752
6,500,1615007874816400,1640414
6,500,1615007874818285,1559847
6,500,1615007874820615,1486785
6,500,1615007874820706,1468205
6,500,1615007874820874,1451181
6,500,1615007874820959,1446599
6,500,1615007874821093,1401699
6,500,1615007874821477,2565404
6,500,1615007874822138,2069164
6,500,1615007874822361,1892094
6,500,1615007874833936,2255451
6,500,1615007874837323,2216543
6,500,1615007874840458,2080901
6,500,1615007874851721,2463788
6,500,1615007874860233,2178800
6,500,1615007874874345,1392125
6,500,1615007874874534,1383149
6,500,1615007874874650,1315431
6,500,1615007874876821,1260744
6,500,1615007874877397,1168580
6,500,1615007874893718,1993921
6,500,1615007874915425,2005120
6,500,1615007874968173,2473521
6,500,1615007874981315,2586411
6,500,1615007874982581,1939776
6,500,1615007874991152,2381211
6,500,1615007875007602,2077562
6,500,1615007875015257,2576027
6,500,1615007875017578,1967763
6,500,1615007875040832,1131614
6,500,1615007875069029,2569631
6,500,1615007875069316,2681000
6,500,1615007875080271,1166234
6,500,1615007875126099,2075459
6,500,1615007875142027,1202275
6,500,1615007875142277,2854353
6,500,1615007875153644,2090313
6,500,1615007875158529,2108410
6,500,1615007875173165,2586610
6,500,1615007875215470,2595063
6,500,1615007875220407,1152223
6,500,1615007875230749,2534274
6,500,1615007875231934,2091761
6,500,1615007875232392,2287734
6,500,1615007875251001,1167576
6,500,1615007875254131,2564319
6,500,1615007875280791,1056802
6,500,1615007875293042,2371213
6,500,1615007875294660,2123805
6,500,1615007875309868,2190496
6,500,1615007875329209,947922
6,500,1615007875330518,892161
6,500,1615007875334105,864090
6,500,1615007875346456,627256
6,500,1615007875351173,2840356
6,500,1615007875352631,2957196
6,500,1615007875354286,2158084
6,500,1615007875357530,2867777
6,500,1615007875375459,639613
6,500,1615007875460806,2831598
6,500,1615007875461940,2273822
6,500,1615007875462219,2206117
6,500,1615007875471489,2215176
6,500,1615007875471717,2527557
6,500,1615007875472156,2735537
6,500,1615007875483188,2505713
6,500,1615007875484371,738173
6,500,1615007875484472,719528
6,500,1615007875484680,712649
6,500,1615007875485037,2574299
6,500,1615007875513537,2292925
6,500,1615007875513630,2969666
6,500,1615007875555485,2795630
6,500,1615007875557853,2274436
6,500,1615007875558097,2300386
6,500,1615007875579428,2632790
6,500,1615007875581015,759549
6,500,1615007875587863,709872
6,500,1615007875590088,663511
6,500,1615007875591043,2647969
6,500,1615007875592817,3141124
6,500,1615007875654969,2662973
6,500,1615007875660581,678444
6,500,1615007875662917,621525
6,500,1615007875664171,3083049
6,500,1615007875668207,2758155
6,500,1615007875669280,2311315
6,500,1615007875703423,3109101
6,500,1615007875703841,2348899
6,500,1615007875709346,2778582
6,500,1615007875711707,2427238
6,500,1615007875718397,637640
6,500,1615007875741325,2347211
6,500,1615007875754556,2442274
6,500,1615007875755704,584681
6,500,1615007875755814,535138
6,500,1615007875756298,2550800
6,500,1615007875763791,3003615
6,500,1615007875767959,514296
6,500,1615007875797168,2804444
6,500,1615007875797984,2852494
6,500,1615007875815932,534648
6,500,1615007875816226,2441486
6,500,1615007875883478,3424227
6,500,1615007875884692,2486755
6,500,1615007875899525,3294355
6,500,1615007875901238,3267509
6,500,1615007875901338,2540569
6,500,1615007875901709,2875303
6,500,1615007875916834,616501
6,500,1615007875958934,473906
6,500,1615007875988654,2997481
6,500,1615007876054231,2577526
6,500,1615007876061022,2840915
6,500,1615007876081585,535297
6,500,1615007876127360,3132534
6,500,1615007876129990,3327174
6,500,1615007876141942,3439514
6,500,1615007876171364,580334
6,500,1615007876242714,2832445
6,500,1615007876242988,3362627
6,500,1615007876250136,626723
6,500,1615007876255302,2873969
6,500,1615007876263408,3269493
6,500,1615007876286227,2793380
6,500,1615007876298139,557190
6,500,1615007876301346,3223596
6,500,1615007876304349,3071055
6,500,1615007876307354,2833362
6,500,1615007876375137,2976475
6,500,1615007876378571,3351783
6,500,1615007876379249,477555
6,500,1615007876387700,3361938
6,500,1615007876403388,3778340
6,500,1615007876421446,2747667
6,500,1615007876422001,2855919
6,500,1615007876422087,3718831
6,500,1615007876442324,3395220
6,500,1615007876444593,3563845
6,500,1615007876450479,3569021
6,500,1615007876451640,2945954
6,500,1615007876455363,481247
6,500,1615007876495712,2822423
6,500,1615007876532806,515904
6,500,1615007876538310,3281277
6,500,1615007876538616,3355487
6,500,1615007876544385,3473274
6,500,1615007876556019,3026762
6,500,1615007876556220,2799760
6,500,1615007876558652,492573
6,500,1615007876575216,3527779
6,500,1615007876575331,3853318
6,500,1615007876582856,2857527
6,500,1615007876607163,3862727
6,500,1615007876609082,3538312
6,500,1615007876618979,526421
6,500,1615007876636144,3658100
6,500,1615007876638137,3531014
6,500,1615007876654184,3660903
6,500,1615007876654912,3545202
6,500,1615007876668175,3619214
6,500,1615007876674657,3441853
6,500,1615007876689371,3552773
6,500,1615007876707915,3473192
6,500,1615007876708660,3526929
6,500,1615007876716433,3459088
6,500,1615007876725421,3370109
6,500,1615007876732108,3448943
6,500,1615007876743305,3655717
6,500,1615007876746849,3338358
6,500,1615007876753363,3309712
6,500,1615007876763812,3043186
6,500,1615007876771207,3848485
6,500,1615007876775663,3750454
6,500,1615007876777671,3359692
6,500,1615007876787358,3324846
6,500,1615007876797648,3364462
6,500,1615007876804656,3154466
6,500,1615007876831823,3166610
6,500,1615007876832766,3346070
6,500,1615007876837257,4168240
6,500,1615007876842669,3148143
6,500,1615007876842818,3323243
6,500,1615007876863042,3118900
6,500,1615007876863258,3339788
6,500,1615007876868564,692988
6,500,1615007876882240,3137730
6,500,1615007876882359,3019964
6,500,1615007876882529,3344885
6,500,1615007876926649,3382261
6,500,1615007876929657,3321447
6,500,1615007876930017,2936355
6,500,1615007876934144,2925533
6,500,1615007876954890,3289087
6,500,1615007876989565,3657791
6,500,1615007876991923,3949723
6,500,1615007876997041,810423
6,500,1615007876997147,3593094
6,500,1615007877012239,3964453
6,500,1615007877024820,3294511
6,500,1615007877025250,3599234
6,500,1615007877031974,2916090
6,500,1615007877046856,789228
6,500,1615007877048274,3960289
6,500,1615007877076534,2986175
6,500,1615007877081548,3185103
6,500,1615007877093856,802748
6,500,1615007877100588,3816303
6,500,1615007877107377,3354795
6,500,1615007877110070,4060763
6,500,1615007877132432,783530
6,500,1615007877134689,4049593
6,500,1615007877150185,3472133
6,500,1615007877150373,3712962
6,500,1615007877164313,4065049
6,500,1615007877176514,3085357
6,500,1615007877186258,723101
6,500,1615007877186995,3224685
6,500,1615007877215805,4294580
6,500,1615007877215917,3442681
6,500,1615007877229328,637860
6,500,1615007877255832,3999207
6,500,1615007877315000,4152974
6,500,1615007877317596,630531
6,500,1615007877320461,3880083
6,500,1615007877330456,3199574
6,500,1615007877350698,4231125
6,500,1615007877358300,670874
6,500,1615007877362522,3088084
6,500,1615007877371782,3573273
6,500,1615007877395655,3907171
6,500,1615007877403469,4459909
6,500,1615007877422055,3307150
6,500,1615007877453235,709361
6,500,1615007877468414,3322701
6,500,1615007877469653,4271956
6,500,1615007877490430,4331189
6,500,1615007877504429,3699272
6,500,1615007877521067,3794346
6,500,1615007877556241,3391708
6,500,1615007877556359,3931863
6,500,1615007877574053,3912311
6,500,1615007877594716,833054
6,500,1615007877630418,3414684
6,500,1615007877650085,4337497
6,500,1615007877667160,3475538
6,500,1615007877668510,2923103
6,500,1615007877672867,4681321
6,500,1615007877682240,4037769
6,500,1615007877688444,3936222
6,500,1615007877694307,3798187
6,500,1615007877714512,2952754
6,500,1615007877728117,4395778
6,500,1615007877729301,904236
6,500,1615007877733993,3925596
6,500,1615007877738122,4541016
6,500,1615007877742202,2971141
6,500,1615007877751186,3865558
6,500,1615007877773246,2968431
6,500,1615007877783191,3886409
6,500,1615007877792957,2932386
6,500,1615007877805091,4092751
6,500,1615007877805203,3897497
6,500,1615007877821486,3563774
6,500,1615007877823383,2926226
6,500,1615007877839053,3929577
6,500,1615007877853414,2885489
6,500,1615007877864483,4518391
6,500,1615007877864936,1014283
6,500,1615007877888554,4176025
6,500,1615007877891226,3644172
6,500,1615007877929949,1058823
6,500,1615007877940801,4032511
6,500,1615007877943063,4708817
6,500,1615007877953703,4212895
6,500,1615007877963214,3690672
6,500,1615007877978726,4584233
6,500,1615007877979706,1029538
6,500,1615007878005756,4005110
6,500,1615007878032287,4748215
6,500,1615007878046597,4262462
6,500,1615007878074082,1037033
6,500,1615007878089985,4804648
6,500,1615007878091688,3794686
6,500,1615007878106979,4275477
6,500,1615007878131745,5137321
6,500,1615007878134072,3655567
6,500,1615007878141673,4809144
6,500,1615007878181297,3784907
6,500,1615007878184724,4898836
6,500,1615007878199271,4338202
6,500,1615007878201742,1147993
6,500,1615007878208098,4658948
6,500,1615007878242265,5148672
6,500,1615007878251033,4938300
6,500,1615007878254149,4366358
6,500,1615007878293431,1055667
6,500,1615007878297161,4559694
6,500,1615007878309358,3929109
6,500,1615007878314825,3569787
6,500,1615007878336851,3320393
6,500,1615007878337825,928835
6,500,1615007878352645,3632670
6,500,1615007878358885,4751117
6,500,1615007878366251,4853020
6,500,1615007878378286,5250465
6,500,1615007878386734,4302486
6,500,1615007878397388,5035065
6,500,1615007878401209,956549
6,500,1615007878414823,3653319
6,500,1615007878420219,4004660
6,500,1615007878441522,4527128
6,500,1615007878458155,980947
6,500,1615007878503099,988300
6,500,1615007878525024,4892919
6,500,1615007878538691,3470224
6,500,1615007878543120,3802557
6,500,1615007878543334,945847
6,500,1615007878555053,4727302
6,500,1615007878569277,933891
6,500,1615007878581781,5028340
6,500,1615007878594148,3828459
6,500,1615007878614867,964280
6,500,1615007878630170,4169413
6,500,1615007878660229,5275292
6,500,1615007878661979,926043
6,500,1615007878662101,4559657
6,500,1615007878686029,4670084
6,500,1615007878689735,4927791
6,500,1615007878717210,938658
6,500,1615007878732529,939253
6,500,1615007878737078,3932696
6,500,1615007878754954,936072
6,500,1615007878782575,961103
6,500,1615007878787876,4041287
6,500,1615007878801203,912656
6,500,1615007878848425,4351142
6,500,1615007878849499,946077
6,500,1615007878851507,5043433
6,500,1615007878851717,5695302
6,500,1615007878862777,814244
6,500,1615007878876203,4111017
6,500,1615007878877408,5298408
6,500,1615007878878085,4026380
6,500,1615007878888132,5030522
6,500,1615007878897360,4170984
6,500,1615007878901087,5039365
6,500,1615007878918379,4782038
6,500,1615007878926258,5056777
6,500,1615007878937544,4133844
6,500,1615007878937736,4191806
6,500,1615007878952569,5286332
6,500,1615007878955403,4058908
6,500,1615007878961350,4801171
6,500,1615007878968364,870133
6,500,1615007878982114,5213574
6,500,1615007878983155,3888760
6,500,1615007878995779,4834166
6,500,1615007879027281,5189012
6,500,1615007879031679,4865714
6,500,1615007879038614,5484783
6,500,1615007879058058,4999979
6,500,1615007879058198,4842232
6,500,1615007879082522,5015563
6,500,1615007879084649,4811191
6,500,1615007879106286,5197653
6,500,1615007879106947,998725
6,500,1615007879139003,4305328
6,500,1615007879144688,4382219
6,500,1615007879180591,1068035
6,500,1615007879180964,4224411
6,500,1615007879208049,5115436
6,500,1615007879211336,4832426
6,500,1615007879212955,5025663
6,500,1615007879291449,1142452
6,500,1615007879300808,5737134
6,500,1615007879311760,5266094
6,500,1615007879317647,4302401
6,500,1615007879318554,4546838
6,500,1615007879362279,5465075
6,500,1615007879363867,6178285
6,500,1615007879365241,4486429
6,500,1615007879368682,1200959
6,500,1615007879380932,4249104
6,500,1615007879381229,4968065
6,500,1615007879388120,5255445
6,500,1615007879389868,5319060
6,500,1615007879394995,1086390
6,500,1615007879417088,4601071
6,500,1615007879431934,4372955
6,500,1615007879437396,5242150
6,500,1615007879437939,1047251
6,500,1615007879446254,4514579
6,500,1615007879492666,5726801
6,500,1615007879497899,1044445
6,500,1615007879505083,6308406
6,500,1615007879514828,5320864
6,500,1615007879570694,988147
6,500,1615007879580937,5620572
6,500,1615007879604101,4742490
6,500,1615007879605123,907553
6,500,1615007879608299,4617158
6,500,1615007879628409,4534590
6,500,1615007879644183,934256
6,500,1615007879656461,5878812
6,500,1615007879678148,757401
6,500,1615007879697587,4655407
6,500,1615007879722511,4476763
6,500,1615007879726939,728299
6,500,1615007879731328,4986076
6,500,1615007879743299,5588995
6,500,1615007879747534,5719373
6,500,1615007879761394,5550651
6,500,1615007879795875,5401541
6,500,1615007879797154,5035487
6,500,1615007879814539,5376064
6,500,1615007879817526,5051685
6,500,1615007879817659,5708934
6,500,1615007879828237,6572708
6,500,1615007879842160,5037583
6,500,1615007879842651,5365017
6,500,1615007879842738,5391398
6,500,1615007879853053,849623
6,500,1615007879854931,4681935
6,500,1615007879868208,4952201
6,500,1615007879885619,860603
6,500,1615007879886493,4805055
6,500,1615007879893875,5665671
6,500,1615007879897140,6083021
6,500,1615007879984110,918858
6,500,1615007879984223,873692
6,500,1615007879984331,737006
6,500,1615007879984390,708592
6,500,1615007879984449,700790
6,500,1615007879984511,637243
6,500,1615007879984600,590316
6,500,1615007879984678,559960
6,500,1615007880018133,5036830
6,500,1615007880018442,431693
6,500,1615007880018931,6187936
6,500,1615007880020519,5160298
6,500,1615007880020707,4805256
6,500,1615007880020806,5301362
6,500,1615007880020922,5525335
6,500,1615007880020955,5605037
6,500,1615007880032095,399084
6,500,1615007880050677,4925051
6,500,1615007880107273,5070416
6,500,1615007880107441,216002
6,500,1615007880107524,4875139
6,500,1615007880107581,5834531
6,500,1615007880107896,5382246
6,500,1615007880174832,6297883
6,500,1615007880195323,244013
6,500,1615007880195413,5038357
6,500,1615007880195445,4814751
6,500,1615007880200549,5902212
6,500,1615007880200765,5303920
6,500,1615007880206223,5126091
6,500,1615007880213395,5469058
6,500,1615007880231178,5491525
6,500,1615007880231498,4956988
6,500,1615007880236593,6952937
6,500,1615007880276495,4847018
6,500,1615007880278444,5867399
6,500,1615007880310563,306233
6,500,1615007880340654,5229220
6,500,1615007880364180,5192187
6,500,1615007880364382,5900401
6,500,1615007880376771,4855012
6,500,1615007880378880,5920506
6,500,1615007880379095,5237517
6,500,1615007880380926,337815
6,500,1615007880404169,6414991
6,500,1615007880404369,5177484
6,500,1615007880414808,350932
6,500,1615007880417294,5921128
6,500,1615007880417810,4722250
6,500,1615007880418735,5259846
6,500,1615007880428167,5681335
6,500,1615007880434719,5688444
6,500,1615007880435426,5478674
6,500,1615007880447874,286912
6,500,1615007880491585,5196951
6,500,1615007880492055,325296
6,500,1615007880520684,7236085
6,500,1615007880528171,348084
6,500,1615007880530610,5165864
6,500,1615007880542414,6549207
6,500,1615007880544590,256970
6,500,1615007880544677,5528691
6,500,1615007880584265,5818753
6,500,1615007880585027,5819944
6,500,1615007880594172,5400708
6,500,1615007880594305,299909
6,500,1615007880618885,5892995
6,500,1615007880640742,328589
6,500,1615007880640878,5949912
6,500,1615007880717045,351589
6,500,1615007880721602,5003219
6,500,1615007880842268,5455647
6,500,1615007880901602,6007897
6,500,1615007880910001,6106647
6,500,1615007880951233,558061
6,500,1615007880965507,5906100
6,500,1615007880980913,5760520
6,500,1615007881004841,5695012
6,500,1615007881033287,603918
6,500,1615007881045663,5305019
6,500,1615007881076267,6330671
6,500,1615007881087799,7018083
6,500,1615007881100729,5849737
6,500,1615007881109059,5340698
6,500,1615007881110432,6348543
6,500,1615007881137040,6314913
6,500,1615007881139678,5858899
6,500,1615007881139944,6045756
6,500,1615007881140121,5356960
6,500,1615007881143268,6371833
6,500,1615007881158055,529584
6,500,1615007881159403,7873808
6,500,1615007881200740,5900752
6,500,1615007881201150,5771105
6,500,1615007881204230,5096491
6,500,1615007881206638,6396899
6,500,1615007881216094,574526
6,500,1615007881226855,6491243
6,500,1615007881230322,7137266
6,500,1615007881254641,6376221
6,500,1615007881264197,5935030
6,500,1615007881277475,5105567
6,500,1615007881281125,609490
6,500,1615007881281371,6420497
6,500,1615007881294451,6225440
6,500,1615007881301928,6170703
6,500,1615007881342808,5967371
6,500,1615007881362478,5141840
6,500,1615007881382700,6485045
6,500,1615007881385735,640370
6,500,1615007881418494,5946784
6,500,1615007881418947,7263177
6,500,1615007881456658,6525567
6,500,1615007881458732,5996812
6,500,1615007881463194,6063090
6,500,1615007881465112,674975
6,500,1615007881491243,5159218
6,500,1615007881514882,6357136
6,500,1615007881515261,6534697
6,500,1615007881520157,5997985
6,500,1615007881520630,639080
6,500,1615007881569717,6823658
6,500,1615007881576283,8264493
6,500,1615007881586573,6029074
6,500,1615007881586720,6485139
6,500,1615007881597475,6614903
6,500,1615007881598182,7428463
6,500,1615007881617258,727604
6,500,1615007881636782,5250304
6,500,1615007881661762,6592453
6,500,1615007881681871,755060
6,500,1615007881686879,6107464
6,500,1615007881733762,6561281
6,500,1615007881737419,6253065
6,500,1615007881751732,8429922
6,500,1615007881751954,6110930
6,500,1615007881753486,755816
6,500,1615007881776805,6121845
6,500,1615007881790534,780763
6,500,1615007881801315,5323238
6,500,1615007881812103,7366713
6,500,1615007881812198,792983
6,500,1615007881819895,6717879
6,500,1615007881824877,687568
6,500,1615007881826008,6693762
6,500,1615007881855109,691319
6,500,1615007881860788,530761
6,500,1615007881883078,6841346
6,500,1615007881901275,6197864
6,500,1615007881903893,508163
6,500,1615007881930048,7167373
6,500,1615007881956971,5372011
6,500,1615007881963975,6294052
6,500,1615007881966293,6825226
6,500,1615007881975141,555905
6,500,1615007881994568,6786645
6,500,1615007882002008,8659670
6,500,1615007882004173,6846009
6,500,1615007882004834,7515725
6,500,1615007882040602,6498182
6,500,1615007882043418,6315538
6,500,1615007882043917,6339805
6,500,1615007882056114,557992
6,500,1615007882090123,7008938
6,500,1615007882116376,7344495
6,500,1615007882128602,6169202
6,500,1615007882129122,6956430
6,500,1615007882134662,5485632
6,500,1615007882156850,6925320
6,500,1615007882170356,6951070
6,500,1615007882185639,621269
6,500,1615007882207491,8861536
6,500,1615007882209222,6628216
6,500,1615007882219168,7103236
6,500,1615007882229588,6139694
6,500,1615007882270043,6528356
6,500,1615007882275719,699453
6,500,1615007882289972,7030140
6,500,1615007882290222,5632404
6,500,1615007882307697,6824877
6,500,1615007882311788,7096688
6,500,1615007882318724,7502334
6,500,1615007882325625,6208303
6,500,1615007882336737,719059
6,500,1615007882368200,6745064
6,500,1615007882376641,7223007
6,500,1615007882390007,6904578
6,500,1615007882399544,6632241
6,500,1615007882406163,8893405
6,500,1615007882424309,6281186
6,500,1615007882467629,7235705
6,500,1615007882467766,7296232
6,500,1615007882485392,6929917
6,500,1615007882485488,7611157
6,500,1615007882485616,7765456
6,500,1615007882531804,6871237
6,500,1615007882531950,5801453
6,500,1615007882532277,6362153
6,500,1615007882549117,7007664
6,500,1615007882557755,7170877
6,500,1615007882558506,6730141
6,500,1615007882563751,7369522
6,500,1615007882569766,5808425
6,500,1615007882569852,9023906
6,500,1615007882581754,961056
6,500,1615007882609759,6364821
6,500,1615007882628512,7712028
6,500,1615007882628709,916069
6,500,1615007882629235,7037308
6,500,1615007882636906,6967651
6,500,1615007882642439,7898522
6,500,1615007882649643,6735089
6,500,1615007882650005,920604
6,500,1615007882677855,6996387
6,500,1615007882685894,6116219
6,500,1615007882687164,7226366
6,500,1615007882694272,5731909
6,500,1615007882716220,852312
6,500,1615007882760757,7071394
6,500,1615007882777234,872627
6,500,1615007882782829,7144536
6,500,1615007882789352,8982765
6,500,1615007882791306,5774938
6,500,1615007882791760,6873995
6,500,1615007882798173,7572287
6,500,1615007882803579,8056819
6,500,1615007882808832,6179434
6,500,1615007882808992,7097300
6,500,1615007882823282,7118724
6,500,1615007882824130,700510
6,500,1615007882824419,7842699
6,500,1615007882878711,5853907
6,500,1615007882882985,704450
6,500,1615007882931448,695065
6,500,1615007882957721,7485573
6,500,1615007882958294,7294132
6,500,1615007882967001,6970983
6,500,1615007882967150,6755148
6,500,1615007882967386,6673293
6,500,1615007882967610,684442
6,500,1615007882982833,650829
6,500,1615007882983992,5884233
6,500,1615007882991171,5869295
6,500,1615007882993779,7739662
6,500,1615007882994950,7254661
6,500,1615007882995199,7240652
6,500,1615007882995321,6351684
6,500,1615007883031948,8266640
6,500,1615007883034617,7993792
6,500,1615007883035237,9182813
6,500,1615007883040688,7356883
6,500,1615007883042050,634445
6,500,1615007883042454,5744482
6,500,1615007883044932,7751902
6,500,1615007883046047,6373184
6,500,1615007883049186,7320477
6,500,1615007883059057,629123
6,500,1615007883063274,7299690
6,500,1615007883092582,6726773
6,500,1615007883101200,7755556
6,500,1615007883108658,7399323
6,500,1615007883124093,8320112
6,500,1615007883129694,532602
6,500,1615007883162427,6484454
6,500,1615007883166622,7786782
6,500,1615007883193283,7464203
6,500,1615007883215930,8382042
6,500,1615007883275147,8381693
6,500,1615007883318989,712307
6,500,1615007883323446,7800759
6,500,1615007883337215,8405085
6,500,1615007883340345,7912035
6,500,1615007883344003,5996762
6,500,1615007883344158,7576521
6,500,1615007883388019,6624221
6,500,1615007883388324,7634035
6,500,1615007883393613,6984134
6,500,1615007883394515,766016
6,500,1615007883407007,6055624
6,500,1615007883411687,565800
6,500,1615007883417663,7648915
6,500,1615007883430568,6594340
6,500,1615007883443374,561236
6,500,1615007883443502,6941871
6,500,1615007883444219,5980204
6,500,1615007883444650,7864628
6,500,1615007883453051,556359
6,500,1615007883459853,8379595
6,500,1615007883469802,486122
6,500,1615007883475957,7693155
6,500,1615007883476454,6582951
6,500,1615007883481573,439126
6,500,1615007883529763,6971406
6,500,1615007883529848,466890
6,500,1615007883530013,455450
6,500,1615007883530099,6044240
6,500,1615007883540195,6642324
6,500,1615007883540330,7724694
6,500,1615007883543355,6979155
6,500,1615007883543521,432304
6,500,1615007883543657,5988609
6,500,1615007883576589,7722501
6,500,1615007883576762,331737
6,500,1615007883576921,322452
6,500,1615007883579008,278713
6,500,1615007883579156,7922216
6,500,1615007883590906,260489
6,500,1615007883591119,6656601
6,500,1615007883606293,238901
6,500,1615007883606442,124526
6,500,1615007883606628,7041896
6,500,1615007883618467,6621016
6,500,1615007883641517,6310430
6,500,1615007883658520,6282140
6,500,1615007883658667,6221533
6,500,1615007883663941,34017
6,500,1615007883664369,6197223
6,500,1615007883688494,6058855
6,500,1615007883690067,5793076
6,500,1615007883698134,29282
6,500,1615007883714694,5808460
6,500,1615007883719332,28725
6,500,1615007883719459,5723216
6,500,1615007883726993,6170764
6,500,1615007883734559,5726827
6,500,1615007883746094,9771413
6,500,1615007883757141,5642463
6,500,1615007883757294,5481301
6,500,1615007883780302,5480531
6,500,1615007883786440,28544
6,500,1615007883790908,5299832
6,500,1615007883803532,28546
6,500,1615007883806082,5176359
6,500,1615007883828394,5186737
6,500,1615007883858232,7940094
6,500,1615007883859822,5122758
6,500,1615007883860122,4997393
6,500,1615007883884923,5007528
6,500,1615007883885108,4821254
6,500,1615007883908205,8154367
6,500,1615007883914023,4828134
6,500,1615007884035536,114292
6,500,1615007884035884,86332
6,500,1615007884043464,8522100
6,500,1615007884044669,4888693
6,500,1615007884045017,4820650
6,500,1615007884067496,7385702
6,500,1615007884070049,9062457
6,500,1615007884070545,8307295
6,500,1615007884087684,6490692
6,500,1615007884117026,73571
6,500,1615007884118536,49261
6,500,1615007884151604,8207000
6,500,1615007884151911,8141868
6,500,1615007884153605,4921560
6,500,1615007884178508,7485770
6,500,1615007884179642,10131873
6,500,1615007884189670,6554890
6,500,1615007884190067,8508989
6,500,1615007884215894,64757
6,500,1615007884218707,8660862
6,500,1615007884245590,4994310
6,500,1615007884260613,7530576
6,500,1615007884263539,81565
6,500,1615007884267097,8171828
6,500,1615007884272626,6599776
6,500,1615007884279090,62764
6,500,1615007884291132,8476232
6,500,1615007884291315,9179508
6,500,1615007884389539,6678618
6,500,1615007884473977,7690168
6,500,1615007884478361,8649605
6,500,1615007884479951,5166579
6,500,1615007884480009,8312444
6,500,1615007884480040,9437426
6,500,1615007884480100,176410
6,500,1615007884480131,10410114
6,500,1615007884480398,6731224
6,500,1615007884480566,8776246
6,500,1615007884526115,8698585
6,500,1615007884526324,8884808
6,500,1615007884549234,9455739
6,500,1615007884549569,7595141
6,500,1615007884551228,5196493
6,500,1615007884551377,8361568
6,500,1615007884551625,9409609
6,500,1615007884559053,7595524
6,500,1615007884559479,8831167
6,500,1615007884559883,8677129
6,500,1615007884559981,6791259
6,500,1615007884576076,10469509
6,500,1615007884580724,31506
6,500,1615007884580846,9454760
6,500,1615007884595658,6773384
6,500,1615007884597048,8359741
6,500,1615007884646544,7678723
6,500,1615007884646725,7658458
6,500,1615007884646815,8402128
6,500,1615007884646848,48514
6,500,1615007884646935,6704986
6,500,1615007884654076,8862275
6,500,1615007884659052,8741643
6,500,1615007884659396,8335156
6,500,1615007884667176,6681109
6,500,1615007884752989,7737043
6,500,1615007884753194,8428525
6,500,1615007884756142,6651125
6,500,1615007884772598,7747362
6,500,1615007884774828,6495230
6,500,1615007884774995,8435649
6,500,1615007884780416,8328788
6,500,1615007884787009,7711111
6,500,1615007884787462,6477792
6,500,1615007884792612,76003
6,500,1615007884792868,8236858
6,500,1615007884793743,7710712
6,500,1615007884806620,5391256
6,500,1615007884806888,6469072
6,500,1615007884819953,8261314
6,500,1615007884844140,7759874
6,500,1615007884849895,6375653
6,500,1615007884852407,8272106
6,500,1615007884860227,7736475
6,500,1615007884868337,6238191
6,500,1615007884874390,8164810
6,500,1615007884874532,7738016
6,500,1615007884876683,95816
6,500,1615007884880993,6238814
6,500,1615007884887816,8158186
6,500,1615007884903077,9199244
6,500,1615007884903545,7759486
6,500,1615007884903721,6136906
6,500,1615007884910233,8145837
6,500,1615007884914055,6086159
6,500,1615007884914386,8148700
6,500,1615007884916191,9758768
6,500,1615007884916527,7641368
6,500,1615007884946858,7637212
6,500,1615007884947875,6116271
6,500,1615007884962257,179260
6,500,1615007884985021,198023
6,500,1615007884999032,204763
6,500,1615007885007351,6110003
6,500,1615007885017307,172460
6,500,1615007885049492,30014
6,500,1615007885077712,25064
6,500,1615007885114739,5666771
6,500,1615007885114923,8318561
6,500,1615007885121894,7491902
6,500,1615007885122266,9079942
6,500,1615007885135581,9941736
6,500,1615007885155967,10974882
6,500,1615007885160658,33596
6,500,1615007885166367,9266849
6,500,1615007885199982,9372057
6,500,1615007885216081,6271699
6,500,1615007885228315,9435937
6,500,1615007885234095,8413718
6,500,1615007885239415,7589697
6,500,1615007885271604,5761951
6,500,1615007885316383,10144150
6,500,1615007885355493,9295563
6,500,1615007885391502,6387774
6,500,1615007885391842,10072018
6,500,1615007885403652,5830059
6,500,1615007885403777,9519107
6,500,1615007885415661,9411614
6,500,1615007885418265,11144318
6,500,1615007885424570,7756132
6,500,1615007885425548,9543194
6,500,1615007885429619,8608446
6,500,1615007885458592,21760
6,500,1615007885475221,9404043
6,500,1615007885490552,6381699
6,500,1615007885502650,10300105
6,500,1615007885511415,27361
6,500,1615007885533291,9566238
6,500,1615007885533454,8700215
6,500,1615007885538222,7854791
6,500,1615007885555993,5934128
6,500,1615007885567901,32873
6,500,1615007885569640,10108394
6,500,1615007885583200,9539453
6,500,1615007885584176,37138
6,500,1615007885605036,9634176
6,500,1615007885640664,9430150
6,500,1615007885643428,6516859
6,500,1615007885647319,42649
6,500,1615007885654229,11274924
6,500,1615007885654591,5970844
6,500,1615007885682869,7985267
6,500,1615007885683003,66494
6,500,1615007885683098,62871
6,500,1615007885683219,8819666
6,500,1615007885711250,10480048
6,500,1615007885711946,10396385
6,500,1615007885713254,9736520
6,500,1615007885713656,39589
6,500,1615007885727745,10381379
6,500,1615007885785252,6344118
6,500,1615007885822760,8871887
6,500,1615007885834515,8080758
6,500,1615007885850843,29489
6,500,1615007885853177,10369997
6,500,1615007885862536,23717
6,500,1615007885867289,28235
6,500,1615007885871621,9861810
6,500,1615007885879033,25871
6,500,1615007885884525,9569227
6,500,1615007885894781,23168
6,500,1615007885902504,6448080
6,500,1615007885903423,6203624
6,500,1615007885922481,8967606
6,500,1615007885944142,8178800
6,500,1615007885946078,9690051
6,500,1615007885955213,11540225
6,500,1615007885981908,9974078
6,500,1615007885982163,44969
6,500,1615007885996631,10510138
6,500,1615007886008908,6527848
6,500,1615007886030626,30519
6,500,1615007886036449,9073718
6,500,1615007886067387,58493
6,500,1615007886085432,8307420
6,500,1615007886107814,6325969
6,500,1615007886108722,9672248
6,500,1615007886115960,81472
6,500,1615007886157243,83041
6,500,1615007886183728,6613055
6,500,1615007886185215,48792
6,500,1615007886192888,9225503
6,500,1615007886197770,8300390
6,500,1615007886210431,45454
6,500,1615007886212765,10189343
6,500,1615007886213326,10090652
6,500,1615007886267826,10725835
6,500,1615007886270528,9833602
6,500,1615007886272191,6476919
6,500,1615007886299534,117750
6,500,1615007886299737,11839190
6,500,1615007886325549,10768741
6,500,1615007886340784,6766693
6,500,1615007886350704,136542
6,500,1615007886352075,9317526
6,500,1615007886358144,9932668
6,500,1615007886360519,8453413
6,500,1615007886397585,10239176
6,500,1615007886410984,6614293
6,500,1615007886413184,9917973
6,500,1615007886422135,204045
6,500,1615007886465321,10433408
6,500,1615007886472106,188148
6,500,1615007886521536,12024910
6,500,1615007886527047,10934954
6,500,1615007886534051,9258437
6,500,1615007886534251,6717029
6,500,1615007886543614,6900678
6,500,1615007886547370,10364376
6,500,1615007886555336,8614084
6,500,1615007886579881,243600
6,500,1615007886580034,10084336
6,500,1615007886581579,11001210
6,500,1615007886609315,151248
6,500,1615007886638597,10138418
6,500,1615007886647484,9356358
6,500,1615007886655828,7011661
6,500,1615007886661916,149555
6,500,1615007886666435,8679480
6,500,1615007886677313,6858817
6,500,1615007886686913,10991703
6,500,1615007886708883,11982868
6,500,1615007886720007,206267
6,500,1615007886735338,185517
6,500,1615007886748579,179585
6,500,1615007886778241,195100
6,500,1615007886815479,121359
6,500,1615007886815598,10744177
6,500,1615007886866971,7183846
6,500,1615007886867451,8857739
6,500,1615007886867672,9471247
6,500,1615007886879154,12133406
6,500,1615007886891187,11124241
6,500,1615007886951122,12188835
6,500,1615007886969796,10782935
6,500,1615007887016489,89939
6,500,1615007887030079,12258471
6,500,1615007887037673,10449114
6,500,1615007887046822,7361452
6,500,1615007887061785,9051734
6,500,1615007887061897,134913
6,500,1615007887090888,11468273
6,500,1615007887091398,67102
6,500,1615007887098647,12283275
6,500,1615007887120230,9716838
6,500,1615007887155574,86865
6,500,1615007887160205,12299039
6,500,1615007887164414,10631626
6,500,1615007887193384,77265
6,500,1615007887197046,7187870
6,500,1615007887234973,74516
6,500,1615007887244888,12346652
6,500,1615007887268402,12287432
6,500,1615007887292560,12274993
6,500,1615007887311085,7604841
6,500,1615007887323420,52552
6,500,1615007887330406,9289302
6,500,1615007887330443,9825430
6,500,1615007887330561,12250813
6,500,1615007887350391,12239398
6,500,1615007887354544,43003
6,500,1615007887385237,12243992
6,500,1615007887388981,10781834
6,500,1615007887390973,51701
6,500,1615007887407164,11335365
6,500,1615007887410907,12252387
6,500,1615007887445151,63787
6,500,1615007887449527,11253964
6,500,1615007887460425,12269758
6,500,1615007887471757,7378374
6,500,1615007887520680,7613194
6,500,1615007887544337,11776391
6,500,1615007887556392,35729
6,500,1615007887560204,9509597
6,500,1615007887561467,35817
6,500,1615007887580551,10045879
6,500,1615007887581284,7458601
6,500,1615007887618919,7703847
6,500,1615007887627449,96197
6,500,1615007887657772,11026497
6,500,1615007887657927,9543542
6,500,1615007887685213,10129314
6,500,1615007887695541,11439858
6,500,1615007887706184,9584678
6,500,1615007887722459,7575100
6,500,1615007887722548,12065082
6,500,1615007887725366,7463605
6,500,1615007887729704,10153682
6,500,1615007887742633,11199494
6,500,1615007887760113,12540082
6,500,1615007887767881,9594187
6,500,1615007887776300,11965709
6,500,1615007887776385,11667123
6,500,1615007887812570,10216052
6,500,1615007887814425,10184021
6,500,1615007887815205,7537929
6,500,1615007887816227,7519956
6,500,1615007887818654,9548871
6,500,1615007887822023,9483235
6,500,1615007887822361,9400251
6,500,1615007887831853,7519235
6,500,1615007887865926,7466146
6,500,1615007887866101,9416049
6,500,1615007887870343,10197908
6,500,1615007887870438,10162132
6,500,1615007887879853,7442940
6,500,1615007887893541,124047
6,500,1615007887893903,9350094
6,500,1615007887903858,10162792
6,500,1615007887904270,7466127
6,500,1615007887909608,10131234
6,500,1615007887911653,9288620
6,500,1615007887919470,7424770
6,500,1615007887927789,9177039
6,500,1615007887975280,11337165
6,500,1615007887980020,10157307
6,500,1615007887998660,7750668
6,500,1615007888001359,7474026
6,500,1615007888006528,177132
6,500,1615007888007047,11710692
6,500,1615007888030303,9184410
6,500,1615007888052532,183655
6,500,1615007888057583,12241663
6,500,1615007888083928,12342650
6,500,1615007888106825,11397012
6,500,1615007888110060,231194
6,500,1615007888125726,10195793
6,500,1615007888140706,11950435
6,500,1615007888147949,7619793
6,500,1615007888152577,7787896
6,500,1615007888180833,9290607
6,500,1615007888181004,11452732
6,500,1615007888185354,11647064
6,500,1615007888193541,299331
6,500,1615007888196713,12950532
6,500,1615007888234833,10256125
6,500,1615007888236403,7643749
6,500,1615007888254932,12427606
6,500,1615007888274217,9373568
6,500,1615007888274353,12022836
6,500,1615007888297316,10300127
6,500,1615007888299938,7685227
6,500,1615007888303514,284566
6,500,1615007888344427,9428613
6,500,1615007888348533,10274062
6,500,1615007888350107,7698232
6,500,1615007888352643,11548044
6,500,1615007888415910,11871535
6,500,1615007888422047,12567719
6,500,1615007888422536,7743403
6,500,1615007888422651,318584
6,500,1615007888433029,9413624
6,500,1615007888466902,7573814
6,500,1615007888494838,11646376
6,500,1615007888511358,10376598
6,500,1615007888511489,10320515
6,500,1615007888511683,12158597
6,500,1615007888513730,11923726
6,500,1615007888535738,7578517
6,500,1615007888539593,385383
6,500,1615007888539701,271098
6,500,1615007888541184,9458878
6,500,1615007888541526,9241785
6,500,1615007888541960,8133128
6,500,1615007888553075,12469548
6,500,1615007888553287,7590986
6,500,1615007888554498,11704681
6,500,1615007888586537,10387290
6,500,1615007888586896,11820781
6,500,1615007888599599,9283595
6,500,1615007888603590,12246441
6,500,1615007888612038,7640606
6,500,1615007888624715,10390056
6,500,1615007888635827,9237930
6,500,1615007888637081,11786945
6,500,1615007888651331,12533146
6,500,1615007888658810,11882264
6,500,1615007888689123,7709778
6,500,1615007888690179,7666423
6,500,1615007888851260,9450373
6,500,1615007888859429,9303914
6,500,1615007888859691,9279484
6,500,1615007888862370,12448199
6,500,1615007888862581,12389349
6,500,1615007888879115,10608000
6,500,1615007888884491,10534701
6,500,1615007888884845,10529769
6,500,1615007888886293,13130018
6,500,1615007888891175,7841937
6,500,1615007888892024,7834412
6,500,1615007888895962,599239
6,500,1615007888898257,12016915
6,500,1615007888898920,12715560
6,500,1615007888927707,12131650
6,500,1615007888938209,12227873
6,500,1615007888956538,12750470
6,500,1615007888963669,10567265
6,500,1615007889043488,8584367
6,500,1615007889043777,8577256
6,500,1615007889046486,12547018
6,500,1615007889073223,13189320
6,500,1615007889074529,9465869
6,500,1615007889115424,12359893
6,500,1615007889118492,12892320
6,500,1615007889130505,784104
6,500,1615007889150619,12266480
6,500,1615007889171732,12338147
6,500,1615007889211311,8715363
6,500,1615007889216425,8139573
6,500,1615007889279560,13766039
6,500,1615007889385425,9769641
6,500,1615007889395534,12450104
6,500,1615007889396476,10991295
6,500,1615007889397475,13840267
6,500,1615007889430036,997019
6,500,1615007889449231,12906205
6,500,1615007889464307,13871691
6,500,1615007889466233,8923826
6,500,1615007889482715,8297556
6,500,1615007889487196,994204
6,500,1615007889538846,9892995
6,500,1615007889540741,12589519
6,500,1615007889591001,11172919
6,500,1615007889597670,8344303
6,500,1615007889598290,1057123
6,500,1615007889616464,12839541
6,500,1615007889616865,12503660
6,500,1615007889645945,8964040
6,500,1615007889646241,8942314
6,500,1615007889659384,13758154
6,500,1615007889662349,1108445
6,500,1615007889663960,9881826
6,500,1615007889671048,13435317
6,500,1615007889671874,11152839
6,500,1615007889716363,1116774
6,500,1615007889758223,12795072
6,500,1615007889827083,13172579
6,500,1615007889827396,8497966
6,500,1615007889828616,1204912
6,500,1615007889828737,10033212
6,500,1615007889858686,9012435
6,500,1615007889880395,1244744
6,500,1615007889881240,13543198
6,500,1615007889894889,11344429
6,500,1615007889897919,12745128
6,500,1615007889953299,10156157
6,500,1615007889991249,8594798
6,500,1615007889994949,8595430
6,500,1615007889998345,14357837
6,500,1615007890008120,14091294
6,500,1615007890008566,1157319
6,500,1615007890027178,13204254
6,500,1615007890049067,11466934
6,500,1615007890049849,9155950
6,500,1615007890063578,13335603
6,500,1615007890079701,13578358
6,500,1615007890124976,13232646
6,500,1615007890129886,13104204
6,500,1615007890130241,13393314
6,500,1615007890130636,14277343
6,500,1615007890135919,14199706
6,500,1615007890161130,10332405
6,500,1615007890189639,1292869
6,500,1615007890205955,13592764
6,500,1615007890243375,11628268
6,500,1615007890244206,14360738
6,500,1615007890244479,13455859
6,500,1615007890295732,14318469
6,500,1615007890307093,13414180
6,500,1615007890307947,13598845
6,500,1615007890308621,8894084
6,500,1615007890309007,1371399
6,500,1615007890344127,14414206
6,500,1615007890350675,13529886
6,500,1615007890381296,14364843
6,500,1615007890381717,13391178
6,500,1615007890402461,13604835
6,500,1615007890406819,13232184
6,500,1615007890459737,9514300
6,500,1615007890460311,10573570
6,500,1615007890460862,14478032
6,500,1615007890467755,13541128
6,500,1615007890469095,13517554
6,500,1615007890480857,13488943
6,500,1615007890517011,1515448
6,500,1615007890517308,14436270
6,500,1615007890541065,14459490
6,500,1615007890552824,13544522
6,500,1615007890593898,9103059
6,500,1615007890598923,11908620
6,500,1615007890602948,13408085
6,500,1615007890619025,10727471
6,500,1615007890626490,9654616
6,500,1615007890629165,9066971
6,500,1615007890633795,1588345
6,500,1615007890634057,11867694
6,500,1615007890636311,10618194
6,500,1615007890653549,13682451
6,500,1615007890656659,9073749
6,500,1615007890657171,11856853
6,500,1615007890662479,10644043
6,500,1615007890671764,13722128
6,500,1615007890673378,9646357
6,500,1615007890709630,1635110
6,500,1615007890762431,13646048
6,500,1615007890763323,9150768
6,500,1615007890769347,14659575
6,500,1615007890776410,11937309
6,500,1615007890795933,13428571
6,500,1615007890805978,1656484
6,500,1615007890813962,10700291
6,500,1615007890824215,14777946
6,500,1615007890893432,9788726
6,500,1615007890893732,9778856
6,500,1615007890897344,11978984
6,500,1615007890900502,9257622
6,500,1615007890903830,1656194
6,500,1615007890904340,13696964
6,500,1615007890914468,10737253
6,500,1615007890923252,13500175
6,500,1615007890923435,13933236
6,500,1615007890924385,1607967
6,500,1615007890925274,1539867
6,500,1615007890925347,9140625
6,500,1615007890926274,11982219
6,500,1615007890936095,1505713
6,500,1615007890959652,10662992
6,500,1615007891014721,13803272
6,500,1615007891029663,13816000
6,500,1615007891030247,14040696
6,500,1615007891030464,1541755
6,500,1615007891030550,14869530
6,500,1615007891043543,9212215
6,500,1615007891121425,12168869
6,500,1615007891122570,9099644
6,500,1615007891156107,10810194
6,500,1615007891156167,10774439
6,500,1615007891156871,10757334
6,500,1615007891157654,15019131
6,500,1615007891168703,10049539
6,500,1615007891168965,9130508
6,500,1615007891169269,14178247
6,500,1615007891171724,1632891
6,500,1615007891172562,12210732
6,500,1615007891172727,12203199
6,500,1615007891187515,14134374
6,500,1615007891189327,9133673
6,500,1615007891202736,10753134
6,500,1615007891203014,12105276
6,500,1615007891218396,14934423
6,500,1615007891283843,1711731
6,500,1615007891285750,1669800
6,500,1615007891285861,9212837
6,500,1615007891331481,14275585
6,500,1615007891331741,10708111
6,500,1615007891332192,14057483
6,500,1615007891332270,10212633
6,500,1615007891334900,9137795
6,500,1615007891334958,12203196
6,500,1615007891336463,12191313
6,500,1615007891349123,10634919
6,500,1615007891349547,12156840
6,500,1615007891350190,10104089
6,500,1615007891356621,9030507
6,500,1615007891367718,14208442
6,500,1615007891368099,1704151
6,500,1615007891375985,15072425
6,500,1615007891385954,13896183
6,500,1615007891386249,13952867
6,500,1615007891386355,14171171
6,500,1615007891399817,13804428
6,500,1615007891400100,13502358
6,500,1615007891404395,15011743
6,500,1615007891404591,14903951
6,500,1615007891407089,14863281
6,500,1615007891415810,13498160
6,500,1615007891430655,14768458
6,500,1615007891438589,1721787
6,500,1615007891439716,13385024
6,500,1615007891445182,15141829
6,500,1615007891449258,14759443
6,500,1615007891455862,13343718
6,500,1615007891483665,14698171
6,500,1615007891500227,9143451
6,500,1615007891500891,10744037
6,500,1615007891501020,12276905
6,500,1615007891533386,10102203
6,500,1615007891533686,1747523
6,500,1615007891571107,14514923
6,500,1615007891573334,1649817
6,500,1615007891595334,9103404
6,500,1615007891595480,12364448
6,500,1615007891597145,10793731
6,500,1615007891608187,14009641
6,500,1615007891608348,13426629
6,500,1615007891624946,1671657
6,500,1615007891625033,1616076
6,500,1615007891627456,10167670
6,500,1615007891634036,10775972
6,500,1615007891636220,9080306
6,500,1615007891642306,14420782
6,500,1615007891650611,14439488
6,500,1615007891669141,10154276
6,500,1615007891670873,1623716
6,500,1615007891690819,9126448
6,500,1615007891691087,12452369
6,500,1615007891708918,1629861
6,500,1615007891709023,14643291
6,500,1615007891735907,15417872
6,500,1615007891763678,10835425
6,500,1615007891770519,12509624
6,500,1615007891772320,1668248
6,500,1615007891777278,14928431
6,500,1615007891799924,14537342
6,500,1615007891806693,14157390
6,500,1615007891808763,14553535
6,500,1615007891820684,9139384
6,500,1615007891821032,10888368
6,500,1615007891831114,1449838
6,500,1615007891831502,10217621
6,500,1615007891838031,14750813
6,500,1615007891838175,13633859
6,500,1615007891846896,12558633
6,500,1615007891850452,1399019
6,500,1615007891862577,10918896
6,500,1615007891862825,9179175
6,500,1615007891875983,15504150
6,500,1615007891892643,1431792
6,500,1615007891908224,14241277
6,500,1615007891913288,14822647
6,500,1615007891915460,14391478
6,500,1615007891920830,14215475
6,500,1615007891923190,14398493
6,500,1615007891934213,14833136
6,500,1615007891934702,12578626
6,500,1615007891945376,14131592
6,500,1615007891949756,14351649
6,500,1615007891959328,14837920
6,500,1615007891974593,14698707
6,500,1615007891975087,1404553
6,500,1615007891976747,14099653
6,500,1615007891988072,14660156
6,500,1615007892020213,9328053
6,500,1615007892020416,11010094
6,500,1615007892040197,1436898
6,500,1615007892055080,15185600
6,500,1615007892071837,14581619
6,500,1615007892072160,11028423
6,500,1615007892072185,9350775
6,500,1615007892072527,12716055
6,500,1615007892077681,15644416
6,500,1615007892082461,10466471
6,500,1615007892104831,13862580
6,500,1615007892165580,14516675
6,500,1615007892182877,1486501
6,500,1615007892183353,11120122
6,500,1615007892183560,9455505
6,500,1615007892183683,12821413
6,500,1615007892206003,15327214
6,500,1615007892207234,14710093
6,500,1615007892213486,9450647
6,500,1615007892218559,10998332
6,500,1615007892219342,12855490
6,500,1615007892234399,13748387
6,500,1615007892250292,12835331
6,500,1615007892274893,11043807
6,500,1615007892278442,9477465
6,500,1615007892280349,15722286
6,500,1615007892290875,1418960
6,500,1615007892315776,12781785
6,500,1615007892315963,9466885
6,500,1615007892316064,10911694
6,500,1615007892321343,14798642
6,500,1615007892340385,13823736
6,500,1615007892340448,15447335
6,500,1615007892368721,10666030
6,500,1615007892372638,14873832
6,500,1615007892384465,1456213
6,500,1615007892384707,12813463
6,500,1615007892393820,10902593
6,500,1615007892397316,1274764
6,500,1615007892400363,9526891
6,500,1615007892409933,12825582
6,500,1615007892416454,1222233
6,500,1615007892434353,10918810
6,500,1615007892436569,1195089
6,500,1615007892436847,9556608
6,500,1615007892442655,1193663
6,500,1615007892442816,12828657
6,500,1615007892446328,14870788
6,500,1615007892453134,10897065
6,500,1615007892453507,9559154
6,500,1615007892458825,1138852
6,500,1615007892468333,14577810
6,500,1615007892468632,12851070
6,500,1615007892496400,14901696
6,500,1615007892496635,10899173
6,500,1615007892496752,1039802
6,500,1615007892496836,894798
6,500,1615007892496909,9498706
6,500,1615007892497023,12858513
6,500,1615007892521736,894025
6,500,1615007892521778,15744127
6,500,1615007892537023,14874369
6,500,1615007892565424,10929018
6,500,1615007892614517,10867257
6,500,1615007892614670,15831409
6,500,1615007892626224,965925
6,500,1615007892646760,13003227
6,500,1615007892646883,9552409
6,500,1615007892679771,1014815
6,500,1615007892685817,14745028
6,500,1615007892707834,15186187
6,500,1615007892715175,11070711
6,500,1615007892716168,9467335
6,500,1615007892733581,14073375
6,500,1615007892739210,1069794
6,500,1615007892744407,15003049
6,500,1615007892755491,14801804
6,500,1615007892768295,10885244
6,500,1615007892781324,11046492
6,500,1615007892781625,13123041
6,500,1615007892811204,15849339
6,500,1615007892887580,14029352
6,500,1615007892887643,1123492
6,500,1615007892913369,15854434
6,500,1615007892913490,9553851
6,500,1615007892931251,11135382
6,500,1615007892933401,13152233
6,500,1615007892941028,14035396
6,500,1615007892981699,15404616
6,500,1615007892982019,1140341
6,500,1615007892990450,11033194
6,500,1615007893049969,15161787
6,500,1615007893077283,11279000
6,500,1615007893077411,9703137
6,500,1615007893082552,16246932
6,500,1615007893116818,15068810
6,500,1615007893121008,1237544
6,500,1615007893129741,13276780
6,500,1615007893129991,16061490
6,500,1615007893146738,11260221
6,500,1615007893146856,9739406
6,500,1615007893154343,1231170
6,500,1615007893196465,13341545
6,500,1615007893222624,15264396
6,500,1615007893246159,1316558
6,500,1615007893265785,11286675
6,500,1615007893281505,15317767
6,500,1615007893281899,9865863
6,500,1615007893282303,1289133
6,500,1615007893295731,15623606
6,500,1615007893305809,15250682
6,500,1615007893315031,11116990
6,500,1615007893316541,14360765
6,500,1615007893319026,1278292
6,500,1615007893321424,13409988
6,500,1615007893321530,16210875
6,500,1615007893326259,11303751
6,500,1615007893371467,15411522
6,500,1615007893373424,15400159
6,500,1615007893377446,16273003
6,500,1615007893386421,9904166
6,500,1615007893386538,11116098
6,500,1615007893386645,1287549
6,500,1615007893427497,1325446
6,500,1615007893427615,16296893
6,500,1615007893434134,15258194
6,500,1615007893434411,13413198
6,500,1615007893460419,11385894
6,500,1615007893492162,1324677
6,500,1615007893513253,15836922
6,500,1615007893524230,15279632
6,500,1615007893524452,15223346
6,500,1615007893543673,15558788
6,500,1615007893548881,11392049
6,500,1615007893570454,15848418
6,500,1615007893596411,15531852
6,500,1615007893603626,1321265
6,500,1615007893626941,14583532
6,500,1615007893635451,15796471
6,500,1615007893641878,10010343
6,500,1615007893643425,15493822
6,500,1615007893668353,15801786
6,500,1615007893704161,15554197
6,500,1615007893740389,11420462
6,500,1615007893773045,13683070
6,500,1615007893782088,11596524
6,500,1615007893800693,16603289
6,500,1615007893803257,16521821
6,500,1615007893814942,1512178
6,500,1615007893815052,15870155
6,500,1615007893835310,15526263
6,500,1615007893858088,16577868
6,500,1615007893868771,10077876
6,500,1615007893890074,15735672
6,500,1615007893896408,11548999
6,500,1615007893896509,1494377
6,500,1615007893925659,15671132
6,500,1615007893926437,13803366
6,500,1615007893963487,1548938
6,500,1615007893976028,14905852
6,500,1615007893983769,11766732
6,500,1615007894012416,10167458
6,500,1615007894016778,13885005
6,500,1615007894036555,1551016
6,500,1615007894054392,11702855
6,500,1615007894070433,15716606
6,500,1615007894089636,1423873
6,500,1615007894101095,15837734
6,500,1615007894107331,11731182
6,500,1615007894107459,10017946
6,500,1615007894107494,13973843
6,500,1615007894139679,11909331
6,500,1615007894146313,16187654
6,500,1615007894147395,16797640
6,500,1615007894162808,1475543
6,500,1615007894173388,15997936
6,500,1615007894206948,15790501
6,500,1615007894241945,10088685
6,500,1615007894256525,1556499
6,500,1615007894257722,14110856
6,500,1615007894277291,1560829
6,500,1615007894277824,15094216
6,500,1615007894292959,11856182
6,500,1615007894300825,1560374
6,500,1615007894343445,10153387
6,500,1615007894345240,11856065
6,500,1615007894346965,14063494
6,500,1615007894351975,12090965
6,500,1615007894353589,16043305
6,500,1615007894364446,1589697
6,500,1615007894371967,16995240
6,500,1615007894401836,16056264
6,500,1615007894410298,16377659
6,500,1615007894420004,1572528
6,500,1615007894426557,10148511
6,500,1615007894457576,16034042
6,500,1615007894465144,14136785
6,500,1615007894469541,16873541
6,500,1615007894526928,1634007
6,500,1615007894527088,12019384
6,500,1615007894676863,12322789
6,500,1615007894693545,1732636
6,500,1615007894813867,10510645
6,500,1615007894831497,1849213
6,500,1615007894840802,17422165
6,500,1615007894855686,16452672
6,500,1615007894863901,16809428
6,500,1615007894877109,1812704
6,500,1615007894880926,12427206
6,500,1615007894925082,15720080
6,500,1615007894935190,14594549
6,500,1615007894980071,17271325
6,500,1615007895017849,16666387
6,500,1615007895018128,1950368
6,500,1615007895027569,16559825
6,500,1615007895039878,12460295
6,500,1615007895091148,12614901
6,500,1615007895096281,1967431
6,500,1615007895106969,10778585
6,500,1615007895121593,16596329
6,500,1615007895133443,14752027
6,500,1615007895144338,1786611
6,500,1615007895144731,15923062
6,500,1615007895148167,17700122
6,500,1615007895180185,12598444
6,500,1615007895204837,1824682
6,500,1615007895209021,12698495
6,500,1615007895213756,10864771
6,500,1615007895214291,17009732
6,500,1615007895258229,16787452
6,500,1615007895307869,1773703
6,500,1615007895314069,16760341
6,500,1615007895320661,14903391
6,500,1615007895321267,12670304
6,500,1615007895356741,17552078
6,500,1615007895377360,1805632
6,500,1615007895394211,10833988
6,500,1615007895414372,16837122
6,500,1615007895414773,12894416
6,500,1615007895422010,1829158
6,500,1615007895423349,12698432
6,500,1615007895423789,14961098
6,500,1615007895442115,16879315
6,500,1615007895458714,16144373
6,500,1615007895463198,16909646
6,500,1615007895463340,17907985
6,500,1615007895476987,1856477
6,500,1615007895477463,10895362
6,500,1615007895509579,16844666
6,500,1615007895535887,17299047
6,500,1615007895562243,1876493
6,500,1615007895567056,13045791
6,500,1615007895586127,15123099
6,500,1615007895634063,12906441
6,500,1615007895634170,10948868
6,500,1615007895634290,16888166
6,500,1615007895665456,1976446
6,500,1615007895665596,17107315
6,500,1615007895735325,17889472
6,500,1615007895742312,15259385
6,500,1615007895780720,12947531
6,500,1615007895843594,17003100
6,500,1615007895844438,13256274
6,500,1615007895856807,2163441
6,500,1615007895887114,17009146
6,500,1615007895931001,2075266
6,500,1615007895931397,16536020
6,500,1615007895939295,11198025
6,500,1615007895945721,15326496
6,500,1615007895955934,12896893
6,500,1615007895979066,18328996
6,500,1615007895983059,2094483
6,500,1615007895983407,13324028
6,500,1615007896002927,17765513
6,500,1615007896031066,17435796
6,500,1615007896035108,15355356
6,500,1615007896035209,17144613
6,500,1615007896050838,1978379
6,500,1615007896057457,11311582
6,500,1615007896075924,13002228
6,500,1615007896077390,18159296
6,500,1615007896104420,1979702
6,500,1615007896107325,13382669
6,500,1615007896107529,17192118
6,500,1615007896143784,17187467
6,500,1615007896159004,11290120
6,500,1615007896177602,18499809
6,500,1615007896194682,17525298
6,500,1615007896201363,15504877
6,500,1615007896216380,1974651
6,500,1615007896268267,17170288
6,500,1615007896293817,13489543
6,500,1615007896294440,2036727
6,500,1615007896322949,13229809
6,500,1615007896342875,18092827
6,500,1615007896356142,16892295
6,500,1615007896374937,2073580
6,500,1615007896393566,17662215
6,500,1615007896395766,18454115
6,500,1615007896413356,17224472
6,500,1615007896464551,16977450
6,500,1615007896491290,17687729
6,500,1615007896495195,13401009
6,500,1615007896498618,11623728
6,500,1615007896502915,17264673
6,500,1615007896504498,15783452
6,500,1615007896505140,18548051
6,500,1615007896520103,2129927
6,500,1615007896528104,17239462
6,500,1615007896589984,13745616
6,500,1615007896612752,17796460
6,500,1615007896615828,15825129
6,500,1615007896659388,17650021
6,500,1615007896747522,2286387
6,500,1615007896824362,17298315
6,500,1615007896861775,13752571
6,500,1615007896884823,11992544
6,500,1615007896884889,14008355
6,500,1615007896886211,19102400
6,500,1615007896907251,2404116
6,500,1615007896910931,2383477
6,500,1615007896914540,17880170
6,500,1615007896941349,2351651
6,500,1615007896942355,18878963
6,500,1615007896953715,14073196
6,500,1615007896954237,18696629
6,500,1615007896985251,2345884
6,500,1615007897030747,16082841
6,500,1615007897042968,2375408
6,500,1615007897060570,2351465
6,500,1615007897069068,11939064
6,500,1615007897107238,2355128
6,500,1615007897119602,18648415
6,500,1615007897126935,18211878
6,500,1615007897137855,13955452
6,500,1615007897161059,2382192
6,500,1615007897194324,2296009
6,500,1615007897212570,12062709
6,500,1615007897213715,16156498
6,500,1615007897215425,17864736
6,500,1615007897263414,14335783
6,500,1615007897273452,18127858
6,500,1615007897276790,2361540
6,500,1615007897314626,2133700
6,500,1615007897327185,13986506
6,500,1615007897333583,18809734
6,500,1615007897366335,16225632
6,500,1615007897387781,19510190
6,500,1615007897394893,2213538
6,500,1615007897406085,12148978
6,500,1615007897421730,18502066
6,500,1615007897436283,17868902
6,500,1615007897436487,14440975
6,500,1615007897459319,18019942
6,500,1615007897460083,14090417
6,500,1615007897472046,2186013
6,500,1615007897487787,19424013
6,500,1615007897508736,16263110
6,500,1615007897538515,17933031
6,500,1615007897550968,19385748
6,500,1615007897556397,12261957
6,500,1615007897714671,2400877
6,500,1615007897714998,18565936
6,500,1615007897719744,14322308
6,500,1615007897720052,14688450
6,500,1615007897723428,16370838
6,500,1615007897723738,19112300
6,500,1615007897733904,2411679
6,500,1615007897733997,12198609
6,500,1615007897734244,18276937
6,500,1615007897751239,14257379
6,500,1615007897751501,2395466
6,500,1615007897751785,16326794
6,500,1615007897751869,19860658
6,500,1615007897762649,18142364
6,500,1615007897763897,2388078
6,500,1615007897764027,2379420
6,500,1615007897786726,2384820
6,500,1615007897787064,2344962
6,500,1615007897787167,18865739
6,500,1615007897788389,2325209
6,500,1615007897800705,2336604
6,500,1615007897819615,14770438
6,500,1615007897833182,2355734
6,500,1615007897847866,2331414
6,500,1615007897870053,2348052
6,500,1615007897875036,18682626
6,500,1615007897883394,2245458
6,500,1615007897904177,12348200
6,500,1615007897904485,19998529
6,500,1615007897912030,2250013
6,500,1615007897923556,19752459
6,500,1615007897928472,2258981
6,500,1615007897957634,2139589
6,500,1615007897981335,14413580
6,500,1615007897981617,1939676
6,500,1615007897990368,1850933
6,500,1615007898005379,19977343
6,500,1615007898005479,1864638
6,500,1615007898005515,14934321
6,500,1615007898015015,1854691
6,500,1615007898034410,1856064
6,500,1615007898058181,1714657
6,500,1615007898091044,1658838
6,500,1615007898091127,1499592
6,500,1615007898091190,16645871
6,500,1615007898091253,20027300
6,500,1615007898127657,1503998
6,500,1615007898127887,1430151
6,500,1615007898128902,1429319
6,500,1615007898128978,1351240
6,500,1615007898129009,18594498
6,500,1615007898129087,19998201
6,500,1615007898148699,1323787
6,500,1615007898148839,1287086
6,500,1615007898148941,1237005
6,500,1615007898153615,1150300
6,500,1615007898167164,889868
6,500,1615007898167224,20006162
6,500,1615007898228110,14660063
6,500,1615007898228275,925004
6,500,1615007898231095,900496
6,500,1615007898231300,895072
6,500,1615007898231670,506639
6,500,1615007898231838,426031
6,500,1615007898231882,399403
6,500,1615007898232637,357317
6,500,1615007898232828,12667574
6,500,1615007898234651,20071929
6,500,1615007898241607,20032863
6,500,1615007898276864,20013084
6,500,1615007898289146,19064465
6,500,1615007898289266,19620865
6,500,1615007898337814,455529
6,500,1615007898338864,19360389
6,500,1615007898383418,471403
6,500,1615007898407478,298180
6,500,1615007898437988,16967708
6,500,1615007898441460,15355284
6,500,1615007898467409,271273
6,500,1615007898467607,12882278
6,500,1615007898467798,20043011
6,500,1615007898488374,14896023
6,500,1615007898553863,19725423
6,500,1615007898554132,18794045
6,500,1615007898554332,284200
6,500,1615007898554498,19010754
6,500,1615007898587660,17063439
6,500,1615007898590227,15412141
6,500,1615007898591273,14989827
6,500,1615007898591587,270223
6,500,1615007898591686,12996473
6,500,1615007898610060,19385124
6,500,1615007898611170,20395991
6,500,1615007898611275,17028107
6,500,1615007898626285,215325
6,500,1615007898641592,19648610
6,500,1615007898641755,12997296
6,500,1615007898641885,14982210
6,500,1615007898642604,18881223
6,500,1615007898661623,16879437
6,500,1615007898692019,13030113
6,500,1615007898693054,15441752
6,500,1615007898693240,14817921
6,500,1615007898693387,20219521
6,500,1615007898715692,20471512
6,500,1615007898715778,15439968
6,500,1615007898716089,16889065
6,500,1615007898716164,14829929
6,500,1615007898716279,13002103
6,500,1615007898743404,16895495
6,500,1615007898743531,18948533
6,500,1615007898743626,15449480
6,500,1615007898772279,14853380
6,500,1615007898772567,15471742
6,500,1615007898772698,12996546
6,500,1615007898773201,16827878
6,500,1615007898773240,20259743
6,500,1615007898773327,20479926
6,500,1615007898793054,14845040
6,500,1615007898793382,18996947
6,500,1615007898793689,12965454
6,500,1615007898812473,15413605
6,500,1615007898813414,12978441
6,500,1615007898814680,16858121
6,500,1615007898856112,14821136
6,500,1615007898856346,14788167
6,500,1615007898857220,14740756
6,500,1615007898857565,14677931
6,500,1615007898857815,14642175
6,500,1615007898857960,12993621
6,500,1615007898858157,12883540
6,500,1615007898858622,12848201
6,500,1615007898859283,12822845
6,500,1615007898859927,16903022
6,500,1615007898860017,16886301
6,500,1615007898860512,16878189
6,500,1615007898860600,16831434
6,500,1615007898860796,16770240
6,500,1615007898861032,20305650
6,500,1615007898874460,14656203
6,500,1615007898874627,12765922
6,500,1615007898875034,16745471
6,500,1615007898881698,12749376
6,500,1615007898895816,294659
6,500,1615007898897544,12761378
6,500,1615007898898289,12732950
6,500,1615007898898699,12674511
6,500,1615007898898977,14635952
6,500,1615007898899067,14619993
6,500,1615007898899229,16708852
6,500,1615007898899311,16604530
6,500,1615007898899447,16505788
6,500,1615007898899719,16419579
6,500,1615007898954338,14612078
6,500,1615007898954931,14569479
6,500,1615007898955081,14557620
6,500,1615007898955400,14498876
6,500,1615007898955696,12683076
6,500,1615007898955782,12648246
6,500,1615007898956066,12642679
6,500,1615007898956351,16439498
6,500,1615007898956523,16433681
6,500,1615007899035003,15540283
6,500,1615007899035179,274846
6,500,1615007899035280,20020724
6,500,1615007899035440,19429409
6,500,1615007899035796,20734142
6,500,1615007899095333,16501129
6,500,1615007899095430,19805484
6,500,1615007899095693,12768655
6,500,1615007899095786,14615396
6,500,1615007899122521,19305653
6,500,1615007899122618,323058
6,500,1615007899122890,20273084
6,500,1615007899139496,16361821
6,500,1615007899139638,12795244
6,500,1615007899168881,14668066
6,500,1615007899187171,20631443
6,500,1615007899219098,12824613
6,500,1615007899219187,16290930
6,500,1615007899220418,20909697
6,500,1615007899220510,389275
6,500,1615007899220890,15705837
6,500,1615007899221681,20178757
6,500,1615007899222295,19579764
6,500,1615007899266686,14668915
6,500,1615007899269473,387222
6,500,1615007899269561,369366
6,500,1615007899269832,16338580
6,500,1615007899281537,212378
6,500,1615007899281936,152231
6,500,1615007899300346,19442041
6,500,1615007899300670,68136
6,500,1615007899344573,15685340
6,500,1615007899344685,20769441
6,500,1615007899359578,20034949
6,500,1615007899401842,138429
6,500,1615007899403086,12929239
6,500,1615007899403815,14789605
6,500,1615007899403981,20669366
6,500,1615007899427160,19783324
6,500,1615007899430828,20426293
6,500,1615007899472403,151571
6,500,1615007899472641,20726085
6,500,1615007899472686,15706405
6,500,1615007899498233,21159874
6,500,1615007899528757,16497526
6,500,1615007899562219,20405891
6,500,1615007899615262,15834976
6,500,1615007899615385,19868343
6,500,1615007899615460,230695
6,500,1615007899615526,117317
6,500,1615007899631322,20339900
6,500,1615007899640937,20259296
6,500,1615007899641068,15838537
6,500,1615007899641107,13162345
6,500,1615007899662392,15780899
6,500,1615007899662495,19901421
6,500,1615007899672654,14964353
6,500,1615007899785727,20466048
6,500,1615007899787113,13283857
6,500,1615007899787228,16741190
6,500,1615007899788837,19900356
6,500,1615007899789212,15045173
6,500,1615007899789860,15875386
6,500,1615007899797293,13275251
6,500,1615007899798560,16734642
6,500,1615007899802701,15019267
6,500,1615007899802817,20020287
6,500,1615007899824246,20287423
6,500,1615007899824483,15876889
6,500,1615007899824812,13272467
6,500,1615007899824852,16675057
6,500,1615007899833065,20512028
6,500,1615007899844715,15009150
6,500,1615007899854365,19953422
6,500,1615007899854466,20807216
6,500,1615007899865234,16670557
6,500,1615007899907838,14973847
6,500,1615007899908136,13300075
6,500,1615007899908248,128816
6,500,1615007899918498,21168103
6,500,1615007899925873,15975593
6,500,1615007899938401,16713365
6,500,1615007899952073,20605212
6,500,1615007899952310,13337170
6,500,1615007899959486,20316328
6,500,1615007899985327,14970053
6,500,1615007899985966,15918483
6,500,1615007900000509,20071667
6,500,1615007900000803,21636299
6,500,1615007900132865,16884606
6,500,1615007900136030,13518347
6,500,1615007900211047,16095322
6,500,1615007900252161,20892462
6,500,1615007900252347,299606
6,500,1615007900315999,355819
6,500,1615007900316333,259105
6,500,1615007900316378,178798
6,500,1615007900316931,17054837
6,500,1615007900319176,15265613
6,500,1615007900336006,20432217
6,500,1615007900336300,95509
6,500,1615007900336384,81959
6,500,1615007900354249,37330
6,500,1615007900354537,20391953
6,500,1615007900354641,21281788
6,500,1615007900362411,16183913
6,500,1615007900368104,20636151
6,500,1615007900368963,13719798
6,500,1615007900381688,21556874
6,500,1615007900415211,15274666
6,500,1615007900524326,17236480
6,500,1615007900602339,216846
6,500,1615007900626361,13935416
6,500,1615007900643994,21103193
6,500,1615007900646680,16431343
6,500,1615007900667332,15482972
6,500,1615007900740751,22340374
6,500,1615007900741087,17447364
6,500,1615007900803460,241604
6,500,1615007900822841,20801228
6,500,1615007900868324,14098377
6,500,1615007900868447,21125173
6,500,1615007900868483,15652170
6,500,1615007900868715,21776529
6,500,1615007900911090,101080
6,500,1615007900925858,17472906
6,500,1615007900926030,15522395
6,500,1615007900927112,20938236
6,500,1615007900938416,22032222
6,500,1615007901005194,21190748
6,500,1615007901005427,14224580
6,500,1615007901015973,16798060
6,500,1615007901022002,148590
6,500,1615007901044194,21176009
6,500,1615007901044316,21479486
6,500,1615007901044349,21000899
6,500,1615007901048480,17577000
6,500,1615007901074625,15629075
6,500,1615007901075245,22493488
6,500,1615007901083414,14237901
6,500,1615007901088961,72263
6,500,1615007901136921,14287321
6,500,1615007901142808,58700
6,500,1615007901143005,16882406
6,500,1615007901148805,21978564
6,500,1615007901162292,15610180
6,500,1615007901166133,17671972
6,500,1615007901190899,21132428
6,500,1615007901205249,21292432
6,500,1615007901205487,21581116
6,500,1615007901221686,14357546
6,500,1615007901222060,22202970
6,500,1615007901227192,21182953
6,500,1615007901246865,15692018
6,500,1615007901265016,16986218
6,500,1615007901281647,65861
6,500,1615007901320937,21473677
6,500,1615007901343639,21252741
6,500,1615007901357141,17805398
6,500,1615007901357496,22671485
6,500,1615007901379263,21511342
6,500,1615007901384895,14464388
6,500,1615007901393498,15827924
6,500,1615007901404057,161213
6,500,1615007901429302,21294185
6,500,1615007901430006,21336937
6,500,1615007901455655,17886706
6,500,1615007901469467,17070529
6,500,1615007901472699,14521590
6,500,1615007901479387,15729679
6,500,1615007901490733,21458024
6,500,1615007901496701,22382144
6,500,1615007901510983,17919040
6,500,1615007901529771,15779662
6,500,1615007901535882,21638410
6,500,1615007901537281,279071
6,500,1615007901539086,22841984
6,500,1615007901589558,14624489
6,500,1615007901630123,22443551
6,500,1615007901638124,17917071
6,500,1615007901643743,330309
6,500,1615007901727926,15842575
6,500,1615007901734916,392016
6,500,1615007901736062,21575465
6,500,1615007901736294,17137643
6,500,1615007901745326,21654104
6,500,1615007901753094,14744437
6,500,1615007901776297,22581605
6,500,1615007901808178,17961696
6,500,1615007901811409,21805685
6,500,1615007901835602,15914133
6,500,1615007901837030,467553
6,500,1615007901889594,14851242
6,500,1615007901896368,21760861
6,500,1615007901896631,21685719
6,500,1615007901896960,17260300
6,500,1615007901911120,15968491
6,500,1615007901913406,528230
6,500,1615007901916227,22756405
6,500,1615007901926168,23191873
6,500,1615007901957987,21698941
6,500,1615007901965458,23201176
6,500,1615007901968300,23071350
6,500,1615007901968572,21640920
6,500,1615007901973888,21805323
6,500,1615007901981543,21574542
6,500,1615007901986179,18125756
6,500,1615007901989412,14890779
6,500,1615007901992981,15954604
6,500,1615007902010119,21910961
6,500,1615007902022070,23120992
6,500,1615007902033168,22801896
6,500,1615007902036669,17992065
6,500,1615007902040340,14887185
6,500,1615007902071557,571223
6,500,1615007902087041,21595909
6,500,1615007902110085,17443764
6,500,1615007902123889,23205991
6,500,1615007902124110,21596378
6,500,1615007902128064,23206990
6,500,1615007902137201,21586909
6,500,1615007902142024,14977622
6,500,1615007902142272,18072232
6,500,1615007902156330,23152191
6,500,1615007902162932,22003137
6,500,1615007902163136,21586201
6,500,1615007902177472,22970691
6,500,1615007902194961,21609946
6,500,1615007902201247,16115445
6,500,1615007902220892,651362
6,500,1615007902231204,23017947
6,500,1615007902234678,21894648
6,500,1615007902264759,519443
6,500,1615007902294994,21685418
6,500,1615007902304095,383334
6,500,1615007902312675,23081040
6,500,1615007902324611,381409
6,500,1615007902345044,401387
6,500,1615007902352813,23053432
6,500,1615007902377017,349048
6,500,1615007902386021,21771686
6,500,1615007902393978,23081416
6,500,1615007902395081,287627
6,500,1615007902396390,23156306
6,500,1615007902457100,16359401
6,500,1615007902561464,17877006
6,500,1615007902627496,22467361
6,500,1615007902627960,18475747
6,500,1615007902646938,431166
6,500,1615007902768703,15532819
6,500,1615007902839268,22474252
6,500,1615007902907026,639011
6,500,1615007902973062,22702479
6,500,1615007902973259,22577281
6,500,1615007902979711,22802049
6,500,1615007903011149,22738291
6,500,1615007903028349,22580496
6,500,1615007903030235,22338805
6,500,1615007903045513,22553944
6,500,1615007903046921,22462676
6,500,1615007903050122,23722687
6,500,1615007903071190,16812630
6,500,1615007903093500,754487
6,500,1615007903180053,18997250
6,500,1615007903194813,15919847
6,500,1615007903285573,933281
6,500,1615007903321819,18546401
6,500,1615007903385923,17102297
6,500,1615007903390604,22759473
6,500,1615007903408319,24131883
6,500,1615007903421115,1043260
6,500,1615007903470471,19253486
6,500,1615007903489930,16092163
6,500,1615007903541327,23314032
6,500,1615007903554924,22969414
6,500,1615007903574869,24313512
6,500,1615007903588712,1127603
6,500,1615007903653869,24204160
6,500,1615007903654808,22962942
6,500,1615007903861524,19007236
6,500,1615007903900153,17588787
6,500,1615007903900585,23202147
6,500,1615007903901187,19610068
6,500,1615007903915465,16453836
6,500,1615007903917005,22898128
6,500,1615007903927271,1460120
6,500,1615007904027266,23784148
6,500,1615007904028735,24745466
6,500,1615007904100518,1559386
6,500,1615007904233216,17837678
6,500,1615007904234372,19942313
6,500,1615007904252359,16774778
6,500,1615007904311225,1749117
6,500,1615007904383620,19479363
6,500,1615007904496739,1917340
6,500,1615007904503830,25212178
6,500,1615007904512570,23642559
6,500,1615007904519847,23457378
6,500,1615007904595650,1865190
6,500,1615007904615512,23916147
6,500,1615007904628716,25128956
6,500,1615007904646489,17146993
6,500,1615007904650169,18207060
6,500,1615007904662260,20369521
6,500,1615007904782012,2013746
6,500,1615007904783822,19808009
6,500,1615007904814595,24553238
6,500,1615007905005668,2213994
6,500,1615007905064960,18602449
6,500,1615007905081306,17548165
6,500,1615007905102024,25789097
6,500,1615007905202135,24070449
6,500,1615007905241448,2382361
6,500,1615007905263696,25815329
6,500,1615007905264371,24368821
6,500,1615007905311976,21018582
6,500,1615007905371894,2498254
6,500,1615007905393048,20066032
6,500,1615007905458366,17910989
6,500,1615007905466376,18935960
6,500,1615007905470598,2566063
6,500,1615007905470931,21167918
6,500,1615007905576494,24815165
6,500,1615007905576700,26011544
6,500,1615007905587309,25318081
6,500,1615007905626301,2703828
6,500,1615007905636836,18843147
6,500,1615007905658025,18050564
6,500,1615007905658282,21354296
6,500,1615007905699199,19978869
6,500,1615007905722025,24461277
6,500,1615007905751950,24812486
6,500,1615007905826527,2890042
6,500,1615007905832902,26424664
6,500,1615007905885342,19061049
6,500,1615007905893406,21485774
6,500,1615007905897420,18250316
6,500,1615007905939325,2926345
6,500,1615007905944446,26444306
6,500,1615007905984993,20240434
6,500,1615007906030532,24669268
6,500,1615007906060614,3029011
6,500,1615007906098325,25070975
6,500,1615007906101825,25788750
6,500,1615007906178432,19347517
6,500,1615007906179738,21735923
6,500,1615007906179827,26495329
6,500,1615007906288829,3182361
6,500,1615007906288984,3181618
6,500,1615007906319659,25518291
6,500,1615007906330825,3154830
6,500,1615007906354141,18652291
6,500,1615007906432902,20601671
6,500,1615007906442962,3196319
6,500,1615007906452998,26125019
6,500,1615007906459211,26975786
6,500,1615007906474219,26924997
6,500,1615007906492950,25430731
6,500,1615007906509653,21895999
6,500,1615007906516197,25110345
6,500,1615007906521174,3250817
6,500,1615007906523794,19535488
6,500,1615007906594519,3189097
6,500,1615007906675405,18943100
6,500,1615007906747874,25943524
6,500,1615007906758193,27049637
6,500,1615007906800992,3243296
6,500,1615007906898355,22203370
6,500,1615007906911070,19906792
6,500,1615007906942880,21105736
6,500,1615007907044757,26704401
6,500,1615007907079115,3458027
6,500,1615007907138888,19261293
6,500,1615007907234319,26116509
6,500,1615007907250578,3596994
6,500,1615007907304673,25894485
6,500,1615007907304811,27688925
6,500,1615007907310344,22602653
6,500,1615007907322022,20277054
6,500,1615007907424436,21531039
6,500,1615007907515972,28029189
6,500,1615007907533929,3879136
6,500,1615007907618264,26438845
6,500,1615007907659036,26190450
6,500,1615007907687531,3759925
6,500,1615007907688012,26425245
6,500,1615007907688469,26202885
6,500,1615007907694830,19774525
6,500,1615007907706189,21697722
6,500,1615007907727182,21679997
6,500,1615007907847835,21788989
6,500,1615007907849026,23131968
6,500,1615007907849341,28067862
6,500,1615007907849610,20771771
6,500,1615007907896714,27063537
6,500,1615007907912322,3885229
6,500,1615007907935064,27589567
6,500,1615007907969647,3915430
6,500,1615007908039443,28329206
6,500,1615007908040690,20093354
6,500,1615007908267236,28771777
6,500,1615007908267692,4166789
6,500,1615007908267834,4144272
6,500,1615007908268402,26927517
6,500,1615007908271643,26746962
6,500,1615007908272310,20309175
6,500,1615007908272872,22134346
6,500,1615007908274660,23418583
6,500,1615007908299510,21083950
6,500,1615007908300728,4151139
6,500,1615007908345384,23406699
6,500,1615007908395164,27965135
6,500,1615007908396298,28578435
6,500,1615007908396953,21170311
6,500,1615007908401379,27396554
6,500,1615007908418881,20409880
6,500,1615007908509783,22355763
6,500,1615007908535553,23595274
6,500,1615007908536414,23539771
6,500,1615007908546719,21272271
6,500,1615007908591029,4422251
6,500,1615007908591151,4378549
6,500,1615007908591549,27211695
6,500,1615007908592647,27061239
6,500,1615007908595958,28873464
6,500,1615007908598331,20562730
6,500,1615007908631691,22461710
6,500,1615007908655386,28207041
6,500,1615007908656697,21360539
6,500,1615007908686593,20566342
6,500,1615007908739394,4487781
6,500,1615007908742605,27319614
6,500,1615007908745057,27254616
6,500,1615007908745869,27213767
6,500,1615007908745936,27139035
6,500,1615007908809311,27189086
6,500,1615007908853264,27236083
6,500,1615007908853373,27171090
6,500,1615007908887912,27254916
6,500,1615007908891883,27220440
6,500,1615007908894604,27145416
6,500,1615007908923896,27186081
6,500,1615007908924415,27161049
6,500,1615007908954069,22707051
6,500,1615007909005230,23939399
6,500,1615007909052170,4749659
6,500,1615007909147621,27304220
6,500,1615007909151961,27370486
6,500,1615007909233889,21887343
6,500,1615007909234036,21761571
6,500,1615007909240615,4925843
6,500,1615007909245455,4852208
6,500,1615007909293485,21159068
6,500,1615007909304776,28772922
6,500,1615007909305846,22981852
6,500,1615007909314667,24123388
6,500,1615007909321862,29488814
6,500,1615007909324795,29793225
6,500,1615007909325637,4921283
6,500,1615007909326202,27464670
6,500,1615007909343388,27515986
6,500,1615007909347147,29585892
6,500,1615007909381878,21160566
6,500,1615007909411219,24164887
6,500,1615007909415912,21837753
6,500,1615007909427290,4965655
6,500,1615007909526434,28463518
6,500,1615007909587590,23218580
6,500,1615007909623425,5015859
6,500,1615007909625038,4993534
6,500,1615007909657579,21320679
6,500,1615007909658241,29072422
6,500,1615007909683000,24435057
6,500,1615007909692598,22087004
6,500,1615007909712401,27849124
6,500,1615007909718874,27833218
6,500,1615007909719715,29861131
6,500,1615007909725944,27840650
6,500,1615007909757540,27856933
6,500,1615007909820579,27919386
6,500,1615007909821087,27902444
6,500,1615007909849064,27918405
6,500,1615007909849198,27919159
6,500,1615007909897223,27952388
6,500,1615007909897340,27841251
6,500,1615007909991651,28002524
6,500,1615007909991786,27932937
6,500,1615007909999172,27888611
6,500,1615007909999469,27820311
6,500,1615007910086138,28022963
6,500,1615007910098852,28021531
6,500,1615007910107895,27922995
6,500,1615007910108131,27866809
6,500,1615007910156231,5496915
6,500,1615007910158682,28076384
6,500,1615007910187441,27797199
6,500,1615007910188861,21840722
6,500,1615007910232367,28123165
6,500,1615007910233068,27785171
6,500,1615007910266604,30433139
6,500,1615007910293509,30752920
6,500,1615007910333127,23853898
6,500,1615007910348648,5633391
6,500,1615007910361046,28214983
6,500,1615007910365060,27813745
6,500,1615007910392142,25038714
6,500,1615007910433387,22783423
6,500,1615007910475749,5739087
6,500,1615007910617494,29457670
6,500,1615007910618714,5866024
6,500,1615007910640112,30766671
6,500,1615007910640888,22148674
6,500,1615007910641956,25203347
6,500,1615007910659461,22934752
6,500,1615007910686861,30044859
6,500,1615007910772239,24284176
6,500,1615007910800169,5975735
6,500,1615007910872518,6009082
6,500,1615007911091273,31445809
6,500,1615007911092584,6112690
6,500,1615007911092811,6110321
6,500,1615007911105478,28550324
6,500,1615007911106194,31174924
6,500,1615007911123327,22583748
6,500,1615007911125737,25573246
6,500,1615007911151346,31281652
6,500,1615007911152110,23415031
6,500,1615007911152914,28988562
6,500,1615007911205900,31262832
6,500,1615007911206604,22653087
6,500,1615007911240610,24713578
6,500,1615007911266855,30048293
6,500,1615007911277917,6270884
6,500,1615007911315745,24656385
6,500,1615007911316167,25752690
6,500,1615007911317059,23530331
6,500,1615007911342685,22743552
6,500,1615007911359617,30578362
6,500,1615007911362073,31327094
6,500,1615007911423590,25683182
6,500,1615007911424994,23580750
6,500,1615007911451162,6401088
6,500,1615007911533251,24863277
6,500,1615007911565696,22942437
6,500,1615007911586233,24840404
6,500,1615007911605732,6495405
6,500,1615007911633923,29377022
6,500,1615007911674393,25929435
6,500,1615007911752287,30503291
6,500,1615007911769323,31973466
6,500,1615007911804023,23935579
6,500,1615007911805579,6658090
6,500,1615007911806199,29241508
6,500,1615007911870497,25119025
6,500,1615007911959561,23324267
6,500,1615007911966099,6753228
6,500,1615007911991037,32028670
6,500,1615007911992815,26209789
6,500,1615007911993536,24115459
6,500,1615007912015998,6752606
6,500,1615007912044648,6613468
6,500,1615007912044781,6496290
6,500,1615007912113210,32077734
6,500,1615007912155309,31310000
6,500,1615007912175653,29899513
6,500,1615007912178612,6619048
6,500,1615007912179337,29584030
6,500,1615007912253387,26386119
6,500,1615007912305173,23648914
6,500,1615007912306841,24287514
6,500,1615007912339365,31062926
6,500,1615007912340356,6768510
6,500,1615007912386441,25461440
6,500,1615007912454475,26573497
6,500,1615007912478564,24443298
6,500,1615007912480380,6901391
6,500,1615007912481031,29824630
6,500,1615007912481538,32468284
6,500,1615007912481932,23630816
6,500,1615007912516480,30075873
6,500,1615007912546049,32437729
6,500,1615007912640956,32823438
6,500,1615007912666417,26748592
6,500,1615007912699465,24663559
6,500,1615007912705662,7038944
6,500,1615007912735231,23839453
6,500,1615007912763819,25754753
6,500,1615007912822321,31964723
6,500,1615007912835910,7117379
6,500,1615007912911114,26933173
6,500,1615007912915743,24853213
6,500,1615007912917978,7099476
6,500,1615007912936118,32839325
6,500,1615007912938440,31618723
6,500,1615007912970744,7138136
6,500,1615007913023003,7100646
6,500,1615007913024059,24086897
6,500,1615007913038003,7075438
6,500,1615007913069483,7104393
6,500,1615007913108044,32975803
6,500,1615007913133962,7067266
6,500,1615007913174023,7055452
6,500,1615007913206226,27220356
6,500,1615007913228886,7000219
6,500,1615007913229310,6939551
6,500,1615007913246859,6893494
6,500,1615007913280468,6885182
6,500,1615007913280716,6882275
6,500,1615007913288704,30628084
6,500,1615007913292864,25115602
6,500,1615007913293594,26266737
6,500,1615007913293836,30816145
6,500,1615007913319096,6873993
6,500,1615007913322924,6863721
6,500,1615007913323239,6831831
6,500,1615007913416852,6893921
6,500,1615007913476925,6941827
6,500,1615007913516475,6969678
6,500,1615007913545157,24544019
6,500,1615007913601711,32743190
6,500,1615007913615228,33760672
6,500,1615007913637320,27615389
6,500,1615007913715290,25529218
6,500,1615007913727148,24682065
6,500,1615007913727387,31230303
6,500,1615007913727527,33583952
6,500,1615007913748402,33539468
6,500,1615007913764036,7212933
6,500,1615007913808917,32769933
6,500,1615007913817826,7262885
6,500,1615007913875105,26781336
6,500,1615007913915040,7359692
6,500,1615007913915372,25600715
6,500,1615007913947883,32505770
6,500,1615007913979436,31262281
6,500,1615007913980002,27854256
6,500,1615007913980489,24906393
6,500,1615007914037502,7481831
6,500,1615007914070141,25714192
6,500,1615007914072237,27945697
6,500,1615007914084890,24954507
6,500,1615007914110211,7540610
6,500,1615007914150079,7558569
6,500,1615007914194674,7434083
6,500,1615007914300702,27148945
6,500,1615007914307874,7545303
6,500,1615007914341462,34131056
6,500,1615007914365152,31857174
6,500,1615007914392566,31631551
6,500,1615007914420271,28126064
6,500,1615007914420699,25104787
6,500,1615007914436800,26003300
6,500,1615007914474632,7672983
6,500,1615007914520805,7705711
6,500,1615007914560498,34616875
6,500,1615007914568089,34392504
6,500,1615007914603732,33545565
6,500,1615007914605455,33107700
6,500,1615007914635587,31810152
6,500,1615007914635764,32056562
6,500,1615007914716581,7899865
6,500,1615007914722438,34734038
6,500,1615007914799001,26305567
6,500,1615007914805530,28471657
6,500,1615007914827259,25442266
6,500,1615007914846527,7993205
6,500,1615007915322801,28151321
6,500,1615007915442081,33939761
6,500,1615007915443374,35222043
6,500,1615007915443510,26901558
6,500,1615007915443872,26889686
6,500,1615007915444139,25956952
6,500,1615007915444451,25929985
6,500,1615007915444542,29061026
6,500,1615007915444695,28951056
6,500,1615007915444885,35261197
6,500,1615007915681714,8814277
6,500,1615007915682914,8814032
6,500,1615007915683696,8748285
6,500,1615007915683759,8733829
6,500,1615007915684651,8729554
6,500,1615007915686605,27083369
6,500,1615007915687051,32790630
6,500,1615007915687392,25931102
6,500,1615007915687542,33035185
6,500,1615007915687692,29120478
6,500,1615007915712038,8731768
6,500,1615007915843342,34641540
6,500,1615007915844202,28646349
6,500,1615007915895567,8907082
6,500,1615007915895754,35887984
6,500,1615007915945868,27321445
6,500,1615007915946011,29332242
6,500,1615007915991582,8999732
6,500,1615007915991723,8908742
6,500,1615007915992163,8841396
6,500,1615007915992778,8739850
6,500,1615007915992910,8680824
6,500,1615007915993481,33081988
6,500,1615007915993816,33272730
6,500,1615007916072499,27436412
6,500,1615007916072578,26288132
6,500,1615007916072718,26245048
6,500,1615007916072928,29423434
6,500,1615007916074402,35787252
6,500,1615007916206903,29001497
6,500,1615007916592660,35350715
6,500,1615007916593941,34987388
6,500,1615007916594433,29861640
6,500,1615007916594645,36339620
6,500,1615007916595665,27938264
6,500,1615007916595836,26732035
6,500,1615007916596107,9262310
6,500,1615007916596207,9231730
6,500,1615007916598050,8987587
6,500,1615007916598837,29392609
