7,200,1615007871425617,462324
7,200,1615007871425911,451008
7,200,1615007871426078,442369
7,200,1615007871430549,472226
7,200,1615007871473318,463404
7,200,1615007871537676,509708
7,200,1615007871538029,561655
7,200,1615007871610818,602005
7,200,1615007871610976,506156
7,200,1615007871640993,677458
7,200,1615007871656425,467634
7,200,1615007871658961,648694
7,200,1615007871715190,755660
7,200,1615007871726042,690644
7,200,1615007871742424,722920
7,200,1615007871749968,483759
7,200,1615007871791643,741368
7,200,1615007871796208,767938
7,200,1615007871829806,784603
7,200,1615007871875119,509870
7,200,1615007871899018,911008
7,200,1615007871899256,843157
7,200,1615007871923355,895708
7,200,1615007871939055,953679
7,200,1615007871939201,850151
7,200,1615007871939611,919742
7,200,1615007871940460,878355
7,200,1615007871940958,986761
7,200,1615007871941097,858536
7,200,1615007872108232,1036073
7,200,1615007872108485,965998
7,200,1615007872108598,1033427
7,200,1615007872108668,946790
7,200,1615007872108830,968772
7,200,1615007872109214,735718
7,200,1615007872109294,1106786
7,200,1615007872110427,1131464
7,200,1615007872110503,1028431
7,200,1615007872113120,1010985
7,200,1615007872113665,1014941
7,200,1615007872114137,949785
7,200,1615007872114253,1148236
7,200,1615007872114390,930421
7,200,1615007872154645,1052096
7,200,1615007872262594,1138345
7,200,1615007872262955,1108612
7,200,1615007872263359,1076019
7,200,1615007872263601,1097588
7,200,1615007872264206,832655
7,200,1615007872278652,1302595
7,200,1615007872281299,1183062
7,200,1615007872281793,1112269
7,200,1615007872281956,1028628
7,200,1615007872282225,1191820
7,200,1615007872282663,1175724
7,200,1615007872307268,1083421
7,200,1615007872349417,1129646
7,200,1615007872350764,881221
7,200,1615007872362658,1185158
7,200,1615007872386457,1132606
7,200,1615007872411665,1053573
7,200,1615007872458654,1220707
7,200,1615007872459285,1096810
7,200,1615007872536027,1059658
7,200,1615007872536126,1066414
7,200,1615007872538638,1067783
7,200,1615007872541645,1244460
7,200,1615007872611247,1329812
7,200,1615007872663176,1113449
7,200,1615007872674116,1147094
7,200,1615007872682596,1079244
7,200,1615007872711447,1388157
7,200,1615007872726492,1417922
7,200,1615007872850626,1674872
7,200,1615007872890062,1278723
7,200,1615007872915897,1306548
7,200,1615007872917232,1328174
7,200,1615007872918128,1597728
7,200,1615007872939551,1519037
7,200,1615007873072466,1955598
7,200,1615007873074955,1766026
7,200,1615007873119695,1484257
7,200,1615007873132147,1776768
7,200,1615007873171922,1740708
7,200,1615007873214582,2182079
7,200,1615007873225085,1583509
7,500,1615007873243311,2035299
7,500,1615007873245568,1840587
7,500,1615007873246095,1988856
7,500,1615007873267415,2154981
7,200,1615007873356704,1726431
7,500,1615007873884673,2603867
7,500,1615007873898925,2690646
7,500,1615007873901585,2841995
7,500,1615007873924505,2324681
7,500,1615007873942657,2609668
7,500,1615007873956735,2690277
7,500,1615007873956856,2855232
7,500,1615007873964329,2844105
7,500,1615007873965389,2545088
7,500,1615007873987936,2619305
7,500,1615007873998952,2322142
7,500,1615007874007635,2221630
7,500,1615007874007895,2328383
7,500,1615007874042023,2845767
7,500,1615007874047991,2898127
7,500,1615007874064218,2380540
7,500,1615007874074299,2774645
7,500,1615007874110862,2294478
7,500,1615007874127621,2831986
7,500,1615007874216995,2877241
7,500,1615007874217140,2910225
7,500,1615007874218544,2893924
7,500,1615007874218855,2869346
7,500,1615007874218969,2836800
7,500,1615007874219110,2797508
7,500,1615007874219364,2982617
7,500,1615007874238011,2835127
7,500,1615007874281630,2458459
7,500,1615007874281705,2860796
7,500,1615007874294288,3098917
7,500,1615007874350125,3153007
7,500,1615007874355795,2932597
7,500,1615007874359079,2512404
7,500,1615007874359491,2677386
7,500,1615007874359715,2897906
7,500,1615007874362012,3022963
7,500,1615007874362404,2475329
7,500,1615007874362514,2375917
7,500,1615007874407989,3165377
7,500,1615007874408810,2967762
7,500,1615007874409343,2578703
7,500,1615007874435899,3060590
7,500,1615007874442706,2959520
7,500,1615007874495432,2774662
7,500,1615007874654890,3431383
7,500,1615007874654981,2803026
7,500,1615007874655066,3069514
7,500,1615007874655103,3293548
7,500,1615007874655171,2769657
7,500,1615007874655236,2538813
7,500,1615007874784741,3251600
7,500,1615007874785548,3295990
7,500,1615007874809429,2948875
7,500,1615007874810818,2684275
7,500,1615007874811255,3530163
7,500,1615007874811360,3520493
7,500,1615007874812434,3425896
7,500,1615007874838006,2938391
7,500,1615007874848604,2693447
7,500,1615007874852463,3030695
7,500,1615007874854575,3450578
7,500,1615007874875047,3323041
7,500,1615007874875478,3513299
7,500,1615007874907531,3502094
7,500,1615007874908008,2886369
7,500,1615007874953385,3346602
7,500,1615007874964492,2681512
7,500,1615007874986491,3411688
7,500,1615007875006604,3085886
7,500,1615007875030196,3595017
7,500,1615007875040683,2755875
7,500,1615007875055935,3651489
7,500,1615007875076070,3175971
7,500,1615007875085042,3768529
7,500,1615007875093178,3470976
7,500,1615007875093318,3603249
7,500,1615007875132483,3400949
7,500,1615007875155353,3714979
7,500,1615007875160850,3139513
7,500,1615007875165222,3696084
7,500,1615007875187004,3644638
7,500,1615007875192884,2870016
7,500,1615007875203190,3732694
7,500,1615007875226612,3464019
7,500,1615007875286477,3717452
7,500,1615007875299208,2908967
7,500,1615007875346529,3589350
7,500,1615007875349692,3257817
7,500,1615007875351108,3398224
7,500,1615007875352517,3073878
7,500,1615007875354150,3760776
7,500,1615007875357469,3667421
7,500,1615007875367228,3921947
7,500,1615007875388564,3897969
7,500,1615007875424226,2906437
7,500,1615007875424928,4085540
7,500,1615007875443089,3806049
7,500,1615007875446398,3653073
7,500,1615007875460485,3677552
7,500,1615007875469201,3842316
7,500,1615007875519861,3764054
7,500,1615007875520282,3001615
7,500,1615007875552284,3691347
7,500,1615007875576508,3482339
7,500,1615007875582778,3583349
7,500,1615007875589375,3305694
7,500,1615007875601251,3899454
7,500,1615007875617639,3756313
7,500,1615007875634556,4104868
7,500,1615007875642013,4194565
7,500,1615007875642102,3787154
7,500,1615007875657624,3103907
7,500,1615007875684012,4337859
7,500,1615007875701021,3834403
7,500,1615007875729814,3138022
7,500,1615007875736637,3968271
7,500,1615007875756564,3762152
7,500,1615007875756625,4182117
7,500,1615007875764287,3791324
7,500,1615007875773922,3659213
7,500,1615007875804080,3437897
7,500,1615007875805262,4093625
7,500,1615007875851275,3254466
7,500,1615007875855255,3186725
7,500,1615007875869577,3866098
7,500,1615007875887058,4432051
7,500,1615007875902965,3146377
7,500,1615007875911443,3154517
7,500,1615007875927780,2956486
7,500,1615007875946982,2939019
7,500,1615007875981682,2903008
7,500,1615007875999645,3946903
7,500,1615007876010069,2847130
7,500,1615007876063476,4217556
7,500,1615007876065212,4181362
7,500,1615007876074297,2855707
7,500,1615007876130140,3847923
7,500,1615007876135944,3763289
7,500,1615007876138205,4482294
7,500,1615007876143150,4679241
7,500,1615007876157402,2871178
7,500,1615007876177218,4818641
7,500,1615007876222434,3534538
7,500,1615007876231540,4148935
7,500,1615007876259286,4531586
7,500,1615007876277201,3995915
7,500,1615007876304260,3593145
7,500,1615007876355183,4456181
7,500,1615007876364542,4080224
7,500,1615007876367567,4055917
7,500,1615007876374121,4404758
7,500,1615007876398997,4551810
7,500,1615007876403276,3513233
7,500,1615007876409747,4009884
7,500,1615007876414233,2935746
7,500,1615007876433579,4149726
7,500,1615007876440718,4721673
7,500,1615007876465896,4154030
7,500,1615007876475074,5101899
7,500,1615007876479582,3562363
7,500,1615007876567334,4704123
7,500,1615007876572899,4224114
7,500,1615007876579829,3639746
7,500,1615007876594730,4175479
7,500,1615007876603024,4863870
7,500,1615007876612143,4688257
7,500,1615007876617960,4332416
7,500,1615007876622364,4810376
7,500,1615007876623091,4169874
7,500,1615007876647096,4740858
7,500,1615007876647436,4177947
7,500,1615007876651868,4471711
7,500,1615007876663799,4483833
7,500,1615007876664160,4136433
7,500,1615007876677169,4394515
7,500,1615007876682447,4129424
7,500,1615007876718029,4433472
7,500,1615007876722335,4073419
7,500,1615007876724534,4379486
7,500,1615007876724718,3994251
7,500,1615007876745771,4383887
7,500,1615007876749454,3860692
7,500,1615007876771882,4356797
7,500,1615007876776150,3833559
7,500,1615007876793246,4360942
7,500,1615007876793428,3785852
7,500,1615007876812689,4327367
7,500,1615007876828665,3818071
7,500,1615007876834068,4899767
7,500,1615007876834212,3802076
7,500,1615007876842592,4247374
7,500,1615007876842782,4556847
7,500,1615007876850874,4178338
7,500,1615007876860026,3827247
7,500,1615007876874144,3840679
7,500,1615007876874266,3349847
7,500,1615007876874445,4187237
7,500,1615007876896779,3862750
7,500,1615007876904140,4146122
7,500,1615007876906681,4898515
7,500,1615007876928893,3894098
7,500,1615007876929189,4475629
7,500,1615007876929347,4041072
7,500,1615007876947332,3887573
7,500,1615007876969986,4027824
7,500,1615007877011922,5625745
7,500,1615007877022116,4106233
7,500,1615007877083778,5134381
7,500,1615007877094493,4087356
7,500,1615007877112333,4827320
7,500,1615007877117293,4614240
7,500,1615007877134869,3600946
7,500,1615007877146447,4833796
7,500,1615007877164436,5129172
7,500,1615007877164516,4722897
7,500,1615007877183959,5186030
7,500,1615007877200095,4004426
7,500,1615007877257444,5299921
7,500,1615007877277418,4831883
7,500,1615007877278316,4245139
7,500,1615007877278432,4630058
7,500,1615007877281072,5859869
7,500,1615007877321412,5035319
7,500,1615007877350976,4411837
7,500,1615007877358056,3797096
7,500,1615007877358914,5043712
7,500,1615007877423886,4137531
7,500,1615007877430054,4930084
7,500,1615007877445622,5286980
7,500,1615007877474405,5455658
7,500,1615007877481133,4792878
7,500,1615007877493602,4250629
7,500,1615007877545576,6033878
7,500,1615007877571303,4988141
7,500,1615007877571692,4848684
7,500,1615007877593353,4152048
7,500,1615007877633552,4048609
7,500,1615007877636232,4661997
7,500,1615007877647002,5660773
7,500,1615007877678718,4405297
7,500,1615007877679207,5336840
7,500,1615007877710398,4954200
7,500,1615007877715154,4654444
7,500,1615007877733541,4423652
7,500,1615007877734837,5022265
7,500,1615007877742336,4439592
7,500,1615007877745194,5279310
7,500,1615007877756490,4397206
7,500,1615007877757720,4220443
7,500,1615007877775200,4276396
7,500,1615007877779117,4342801
7,500,1615007877794063,4177581
7,500,1615007877802325,4250636
7,500,1615007877821108,4193578
7,500,1615007877834957,4232900
7,500,1615007877850072,4220444
7,500,1615007877887161,5624799
7,500,1615007877911742,6331600
7,500,1615007877939051,5143296
7,500,1615007877940039,4225942
7,500,1615007877957859,5925090
7,500,1615007877962188,5569341
7,500,1615007877968350,5473210
7,500,1615007877982521,4304865
7,500,1615007877992321,5729377
7,500,1615007878016900,4431489
7,500,1615007878020498,5130855
7,500,1615007878042950,5628708
7,500,1615007878046007,5464219
7,500,1615007878075421,5792272
7,500,1615007878107022,5666140
7,500,1615007878128900,5450686
7,500,1615007878134235,5871669
7,500,1615007878172098,4454542
7,500,1615007878209191,5923984
7,500,1615007878209737,6610323
7,500,1615007878272579,5421971
7,500,1615007878296668,6226391
7,500,1615007878312829,4671458
7,500,1615007878312928,4522350
7,500,1615007878331969,5890764
7,500,1615007878334636,6587646
7,500,1615007878366812,5683432
7,500,1615007878403907,5487050
7,500,1615007878425071,4739032
7,500,1615007878425321,6161972
7,500,1615007878430186,5515284
7,500,1615007878432942,4622387
7,500,1615007878473318,4729577
7,500,1615007878493633,6100492
7,500,1615007878511124,6395968
7,500,1615007878529601,4859703
7,500,1615007878544913,5605371
7,500,1615007878561832,4715993
7,500,1615007878599819,6137540
7,500,1615007878601854,5878454
7,500,1615007878621260,6660813
7,500,1615007878635438,5693684
7,500,1615007878659447,5741330
7,500,1615007878671667,6388302
7,500,1615007878684741,4855086
7,500,1615007878703356,6289647
7,500,1615007878707154,4993413
7,500,1615007878709240,4848863
7,500,1615007878732611,5975300
7,500,1615007878738058,5763429
7,500,1615007878741063,6255926
7,500,1615007878793547,6264351
7,500,1615007878804446,5721430
7,500,1615007878834033,6266342
7,500,1615007878834183,6075827
7,500,1615007878852010,5911155
7,500,1615007878861320,6597126
7,500,1615007878865983,6288502
7,500,1615007878896088,4916406
7,500,1615007878907654,5934498
7,500,1615007878911945,5211417
7,500,1615007878929137,4873034
7,500,1615007878932743,5923309
7,500,1615007879103680,5239634
7,500,1615007879116146,7114494
7,500,1615007879124704,5025956
7,500,1615007879130476,6029442
7,500,1615007879134751,6339294
7,500,1615007879142669,6572555
7,500,1615007879157873,6097376
7,500,1615007879181008,5394259
7,500,1615007879184393,6899072
7,500,1615007879203299,6919741
7,500,1615007879242000,6638826
7,500,1615007879309655,5326252
7,500,1615007879317574,5116382
7,500,1615007879355173,5483645
7,500,1615007879361901,6669230
7,500,1615007879362026,6444018
7,500,1615007879379240,6318151
7,500,1615007879390948,7022922
7,500,1615007879411306,7052880
7,500,1615007879413971,5190925
7,500,1615007879416473,6288213
7,500,1615007879416799,7135016
7,500,1615007879445741,6842278
7,500,1615007879475559,6350004
7,500,1615007879521965,5619792
7,500,1615007879551030,7070274
7,500,1615007879563105,6622719
7,500,1615007879565183,6406603
7,500,1615007879570360,7165876
7,500,1615007879596175,5464111
7,500,1615007879612203,6452091
7,500,1615007879618959,5235848
7,500,1615007879625948,7022127
7,500,1615007879648255,6319308
7,500,1615007879657437,7373347
7,500,1615007879689354,5777045
7,500,1615007879740126,7258981
7,500,1615007879749612,6435228
7,500,1615007879755145,6783369
7,500,1615007879755704,6433648
7,500,1615007879825814,7411082
7,500,1615007879871240,5463415
7,500,1615007879873468,6495956
7,500,1615007879882859,7229418
7,500,1615007879992484,7355713
7,500,1615007879992580,7535650
7,500,1615007880022687,6939303
7,500,1615007880025307,6691241
7,500,1615007880032952,6318392
7,500,1615007880033034,6075132
7,500,1615007880036272,6126164
7,500,1615007880038294,5616755
7,500,1615007880056766,7207680
7,500,1615007880058493,7390305
7,500,1615007880062951,6471958
7,500,1615007880097767,6357387
7,500,1615007880112829,5934669
7,500,1615007880114322,6736378
7,500,1615007880114672,6949810
7,500,1615007880129466,7589834
7,500,1615007880149291,5726049
7,500,1615007880152597,7426171
7,500,1615007880170565,7502840
7,500,1615007880176358,6798201
7,500,1615007880176513,7890764
7,500,1615007880178632,6839144
7,500,1615007880200977,7192205
7,500,1615007880231368,5457315
7,500,1615007880235170,6560683
7,500,1615007880259069,6502299
7,500,1615007880315925,5848408
7,500,1615007880317425,6348458
7,500,1615007880357734,5543929
7,500,1615007880376704,6701840
7,500,1615007880392357,7718252
7,500,1615007880392421,5455020
7,500,1615007880404416,6306132
7,500,1615007880404499,7372046
7,500,1615007880414845,7617600
7,500,1615007880429328,6843626
7,500,1615007880454376,5448727
7,500,1615007880458352,8172049
7,500,1615007880479950,7100347
7,500,1615007880480990,6805825
7,500,1615007880483832,6581316
7,500,1615007880494273,6522095
7,500,1615007880539351,7827083
7,500,1615007880542112,7654726
7,500,1615007880564418,6975283
7,500,1615007880565764,5909235
7,500,1615007880643949,7007930
7,500,1615007880656245,6546663
7,500,1615007880664820,6972421
7,500,1615007880700671,5999198
7,500,1615007880727522,7667336
7,500,1615007880764433,6032566
7,500,1615007880797263,7385096
7,500,1615007880817245,6082570
7,500,1615007880836480,5799147
7,500,1615007880872756,6945747
7,500,1615007880872824,6116663
7,500,1615007880874650,6117645
7,500,1615007880874937,6005779
7,500,1615007880920414,5914254
7,500,1615007880920874,5914280
7,500,1615007880951372,5920748
7,500,1615007880952404,5906209
7,500,1615007880970351,5806927
7,500,1615007880988194,5798438
7,500,1615007881011150,5807680
7,500,1615007881024262,5758978
7,500,1615007881040600,5774615
7,500,1615007881056932,5699473
7,500,1615007881059088,7036299
7,500,1615007881089745,6013283
7,500,1615007881114520,8803346
7,500,1615007881120928,8408057
7,500,1615007881128322,5887609
7,500,1615007881136388,7990695
7,500,1615007881150111,8141834
7,500,1615007881156920,7443507
7,500,1615007881157450,7483305
7,500,1615007881170060,5725032
7,500,1615007881176683,5805351
7,500,1615007881232920,5860480
7,500,1615007881251123,7098077
7,500,1615007881258317,7835887
7,500,1615007881262504,8504806
7,500,1615007881273766,7335415
7,500,1615007881286359,8085623
7,500,1615007881312254,7595540
7,500,1615007881327386,5953915
7,500,1615007881341985,7658794
7,500,1615007881448246,8282776
7,500,1615007881449279,6074719
7,500,1615007881461013,6014878
7,500,1615007881475241,7649113
7,500,1615007881478603,8719916
7,500,1615007881510902,6121816
7,500,1615007881518707,7438968
7,500,1615007881527691,9098816
7,500,1615007881548137,8334555
7,500,1615007881566412,8118058
7,500,1615007881577402,7666724
7,500,1615007881591295,7633858
7,500,1615007881593406,7423312
7,500,1615007881638129,7746538
7,500,1615007881653061,6105917
7,500,1615007881658138,8770409
7,500,1615007881673585,6249031
7,500,1615007881709164,8520222
7,500,1615007881726892,7696306
7,500,1615007881728251,7787633
7,500,1615007881734399,9300600
7,500,1615007881761223,7672718
7,500,1615007881767798,8279787
7,500,1615007881784027,8461305
7,500,1615007881831854,6213826
7,500,1615007881846132,8930772
7,500,1615007881882982,8665749
7,500,1615007881894436,8512852
7,500,1615007881911541,7770960
7,500,1615007881943568,6353504
7,500,1615007881956164,7776949
7,500,1615007881960049,7574525
7,500,1615007881962357,8019405
7,500,1615007881966807,7752925
7,500,1615007881967042,8456325
7,500,1615007881991966,9546747
7,500,1615007882012847,6361554
7,500,1615007882034740,7844512
7,500,1615007882041904,8796928
7,500,1615007882047049,8054463
7,500,1615007882091422,7867976
7,500,1615007882124924,7831410
7,500,1615007882129886,7721087
7,500,1615007882178878,9653743
7,500,1615007882181244,8100884
7,500,1615007882213107,7918171
7,500,1615007882226021,6483717
7,500,1615007882238941,9297722
7,500,1615007882258613,6602500
7,500,1615007882263480,8705201
7,500,1615007882276983,7890896
7,500,1615007882284963,7922960
7,500,1615007882327624,7968556
7,500,1615007882332027,8939397
7,500,1615007882340757,7918211
7,500,1615007882341000,6536599
7,500,1615007882351887,8209606
7,500,1615007882395463,9842118
7,500,1615007882417986,7928972
7,500,1615007882418192,8254643
7,500,1615007882428021,7939137
7,500,1615007882485213,7826522
7,500,1615007882494092,9112262
7,500,1615007882499107,8027733
7,500,1615007882529830,8355090
7,500,1615007882529915,7798854
7,500,1615007882545423,9966111
7,500,1615007882545855,7887822
7,500,1615007882547684,6880288
7,500,1615007882547806,6735656
7,500,1615007882585956,8949491
7,500,1615007882608999,7875311
7,500,1615007882609108,8202156
7,500,1615007882612603,9638936
7,500,1615007882625509,7969555
7,500,1615007882625864,8419289
7,500,1615007882640362,9199456
7,500,1615007882649149,6780036
7,500,1615007882668155,9248192
7,500,1615007882682418,7926828
7,500,1615007882710276,10074877
7,500,1615007882727014,8024931
7,500,1615007882731602,9721436
7,500,1615007882789539,8404589
7,500,1615007882791532,6903338
7,500,1615007882797285,7109045
7,500,1615007882803991,9102985
7,500,1615007882808245,7917918
7,500,1615007882850111,9258769
7,500,1615007882874391,8117811
7,500,1615007882882658,6813327
7,500,1615007882950105,8539517
7,500,1615007882950272,8217804
7,500,1615007882950315,10223405
7,500,1615007882950532,6774381
7,500,1615007882952293,8194918
7,500,1615007882966600,7987885
7,500,1615007882979247,6754358
7,500,1615007883006435,7215595
7,500,1615007883011461,9579526
7,500,1615007883012439,9980739
7,500,1615007883015496,8607060
7,500,1615007883017301,9304350
7,500,1615007883017707,8204179
7,500,1615007883057578,9340968
7,500,1615007883057791,6756876
7,500,1615007883082068,8657697
7,500,1615007883123995,10045700
7,500,1615007883125986,8288472
7,500,1615007883126275,9690316
7,500,1615007883129768,8707627
7,500,1615007883153013,9382242
7,500,1615007883160879,9364525
7,500,1615007883166543,8692650
7,500,1615007883168844,9697656
7,500,1615007883177560,8753597
7,500,1615007883186072,10043999
7,500,1615007883215833,9392299
7,500,1615007883227380,8727573
7,500,1615007883227805,9430645
7,500,1615007883247945,8761136
7,500,1615007883248862,8380107
7,500,1615007883249262,9775603
7,500,1615007883261393,8603135
7,500,1615007883265484,9428183
7,500,1615007883265613,10030403
7,500,1615007883289014,9401768
7,500,1615007883302728,8645330
7,500,1615007883306673,8604165
7,500,1615007883337256,10093955
7,500,1615007883337816,9457451
7,500,1615007883344195,6964601
7,500,1615007883381237,7525992
7,500,1615007883381301,8505839
7,500,1615007883381610,9888221
7,500,1615007883393796,9475955
7,500,1615007883414233,6974357
7,500,1615007883424392,8722664
7,500,1615007883430527,8436930
7,500,1615007883442488,8687216
7,500,1615007883451530,9941233
7,500,1615007883451690,9472415
7,500,1615007883460172,8311967
7,500,1615007883468592,6976980
7,500,1615007883474557,8480132
7,500,1615007883478015,10588969
7,500,1615007883483645,8751646
7,500,1615007883529037,9518508
7,500,1615007883539380,6905357
7,500,1615007883539850,8502244
7,500,1615007883542934,10003115
7,500,1615007883572741,8817827
7,500,1615007883577529,9433894
7,500,1615007883587629,8334492
7,500,1615007883604603,10015150
7,500,1615007883610178,8853898
7,500,1615007883612861,8354548
7,500,1615007883622857,6956845
7,500,1615007883625005,9902718
7,500,1615007883625347,9472745
7,500,1615007883628179,8326069
7,500,1615007883639577,8882438
7,500,1615007883639804,9398439
7,500,1615007883657179,8343300
7,500,1615007883657256,8194598
7,500,1615007883658021,8900160
7,500,1615007883658171,9918114
7,500,1615007883662177,8142340
7,500,1615007883666035,9229610
7,500,1615007883677512,8123513
7,500,1615007883677898,8919814
7,500,1615007883678551,9867479
7,500,1615007883690940,9237233
7,500,1615007883691079,8041523
7,500,1615007883698341,9882304
7,500,1615007883703482,8945269
7,500,1615007883706062,8045760
7,500,1615007883707941,9244859
7,500,1615007883715700,9720779
7,500,1615007883719374,8004557
7,500,1615007883724222,8965931
7,500,1615007883737486,8021170
7,500,1615007883741089,9041515
7,500,1615007883757071,7921179
7,500,1615007883757326,7901587
7,500,1615007883771863,9013404
7,500,1615007883772011,8995675
7,500,1615007883773184,9041743
7,500,1615007883773320,9039015
7,500,1615007883773460,9776199
7,500,1615007883774672,9770211
7,500,1615007883781075,7546729
7,500,1615007883781301,9745717
7,500,1615007883786531,8963028
7,500,1615007883790297,7544454
7,500,1615007883794991,9039145
7,500,1615007883798902,10553351
7,500,1615007883821025,8983272
7,500,1615007883821128,7516234
7,500,1615007883827685,7506839
7,500,1615007883828022,9723078
7,500,1615007883828059,9071307
7,500,1615007883852085,9000066
7,500,1615007883852253,7435894
7,500,1615007883854272,7375302
7,500,1615007883856149,9706215
7,500,1615007883856364,9098829
7,500,1615007883864428,9683258
7,500,1615007883875882,7358695
7,500,1615007883915980,8979162
7,500,1615007883916305,8958763
7,500,1615007883916472,8827976
7,500,1615007883916533,7337066
7,500,1615007883916609,7321892
7,500,1615007883916882,9158930
7,500,1615007883916980,9092894
7,500,1615007883917579,9079587
7,500,1615007883918134,9677472
7,500,1615007883918497,9637308
7,500,1615007884026961,9664564
7,500,1615007884033206,7361402
7,500,1615007884043024,7261056
7,500,1615007884046592,10099838
7,500,1615007884055280,9322619
7,500,1615007884057053,7253224
7,500,1615007884057808,8002311
7,500,1615007884127640,7216172
7,500,1615007884129113,11212785
7,500,1615007884148138,7172511
7,500,1615007884149662,9297258
7,500,1615007884179294,9088101
7,500,1615007884229068,7424896
7,500,1615007884237297,9402964
7,500,1615007884251000,9043879
7,500,1615007884257883,9502443
7,500,1615007884287963,9880710
7,500,1615007884288088,8156213
7,500,1615007884390236,7396611
7,500,1615007884478434,11447185
7,500,1615007884483756,10465294
7,500,1615007884483878,9380279
7,500,1615007884484031,7660468
7,500,1615007884484481,9629921
7,500,1615007884484604,10061602
7,500,1615007884484718,11210014
7,500,1615007884484815,9594020
7,500,1615007884484949,9595218
7,500,1615007884485198,7464872
7,500,1615007884524581,9245019
7,500,1615007884524855,11238109
7,500,1615007884543406,8329623
7,500,1615007884543574,10492093
7,500,1615007884550949,9315279
7,500,1615007884551193,7703716
7,500,1615007884551680,10063033
7,500,1615007884556757,11030502
7,500,1615007884556958,9598951
7,500,1615007884557178,9688676
7,500,1615007884563142,7262962
7,500,1615007884591913,7280491
7,500,1615007884592452,10518175
7,500,1615007884592564,10990070
7,500,1615007884621451,9330038
7,500,1615007884633188,9675003
7,500,1615007884636170,9978507
7,500,1615007884652927,9674972
7,500,1615007884653176,7311362
7,500,1615007884669694,9148941
7,500,1615007884692561,7236706
7,500,1615007884769414,7274724
7,500,1615007884778745,7248165
7,500,1615007884785439,7874399
7,500,1615007884788205,7244480
7,500,1615007884820146,7218898
7,500,1615007884851420,7250009
7,500,1615007884868491,7257124
7,500,1615007884879387,7235187
7,500,1615007884895990,10816485
7,500,1615007884903796,9990418
7,500,1615007884904420,7259334
7,500,1615007884913645,7240218
7,500,1615007884927769,7190583
7,500,1615007884950470,8634345
7,500,1615007884961924,9975453
7,500,1615007884983378,7902339
7,500,1615007885006159,11354005
7,500,1615007885010957,8640043
7,500,1615007885012951,9977872
7,500,1615007885028893,10050664
7,500,1615007885059405,9984699
7,500,1615007885059841,8487123
7,500,1615007885061649,11767569
7,500,1615007885065858,10363869
7,500,1615007885077133,9955862
7,500,1615007885097175,8507155
7,500,1615007885130551,9835399
7,500,1615007885132975,7375680
7,500,1615007885136760,9988213
7,500,1615007885143153,8539379
7,500,1615007885228451,8080106
7,500,1615007885228841,9680940
7,500,1615007885239469,8634196
7,500,1615007885239627,7481489
7,500,1615007885292043,11143966
7,500,1615007885314685,11661015
7,500,1615007885361805,12047652
7,500,1615007885362988,10298939
7,500,1615007885366693,9922056
7,500,1615007885367395,10267633
7,500,1615007885367896,8097860
7,500,1615007885378397,10646183
7,500,1615007885392641,10078390
7,500,1615007885435118,7586823
7,500,1615007885453358,8692393
7,500,1615007885455430,9871575
7,500,1615007885477120,11235170
7,500,1615007885477610,8169042
7,500,1615007885510751,11788153
7,500,1615007885526034,10057494
7,500,1615007885532474,10401804
7,500,1615007885550629,10424085
7,500,1615007885551572,7664439
7,500,1615007885569531,12254790
7,500,1615007885600093,8261819
7,500,1615007885612405,10857316
7,500,1615007885615731,10095458
7,500,1615007885646930,10320182
7,500,1615007885647233,7715232
7,500,1615007885654033,10055339
7,500,1615007885682831,10926407
7,500,1615007885694705,11310398
7,500,1615007885695038,11287057
7,500,1615007885695183,11938248
7,500,1615007885695330,11932947
7,500,1615007885695393,10367422
7,500,1615007885695426,10322376
7,500,1615007885703360,10346261
7,500,1615007885707891,8710913
7,500,1615007885731328,10974061
7,500,1615007885747243,10206977
7,500,1615007885784465,8336900
7,500,1615007885784707,7831720
7,500,1615007885822533,10282736
7,500,1615007885827561,12489069
7,500,1615007885836196,10682182
7,500,1615007885855801,11433970
7,500,1615007885869952,12077238
7,500,1615007885871662,10499890
7,500,1615007885884871,7851762
7,500,1615007885944388,8489380
7,500,1615007885974642,8970232
7,500,1615007885975673,10414628
7,500,1615007885981735,7937309
7,500,1615007885995231,11126330
7,500,1615007886121286,8665853
7,500,1615007886121403,10580245
7,500,1615007886129526,10473038
7,500,1615007886134988,10724104
7,500,1615007886136450,8090114
7,500,1615007886169521,10889795
7,500,1615007886185154,11761490
7,500,1615007886198021,12337284
7,500,1615007886203023,12749104
7,500,1615007886260799,10684299
7,500,1615007886261560,8170802
7,500,1615007886297221,11383421
7,500,1615007886312323,8669729
7,500,1615007886340557,10697985
7,500,1615007886366185,9352375
7,500,1615007886401824,10976907
7,500,1615007886409110,8650562
7,500,1615007886417544,10770348
7,500,1615007886434816,8309383
7,500,1615007886435660,12957447
7,500,1615007886453448,11966894
7,500,1615007886460200,12586115
7,500,1615007886464069,10758624
7,500,1615007886472232,11184900
7,500,1615007886508850,9376934
7,500,1615007886548840,8782467
7,500,1615007886555055,11493613
7,500,1615007886592762,8426651
7,500,1615007886602653,10920890
7,500,1615007886624361,11925605
7,500,1615007886633522,12723107
7,500,1615007886638421,13124197
7,500,1615007886642426,10951813
7,500,1615007886667517,11174589
7,500,1615007886722418,11640451
7,500,1615007886726450,12605381
7,500,1615007886726717,11995391
7,500,1615007886748442,8878093
7,500,1615007886760971,8561011
7,500,1615007886789758,13241237
7,500,1615007886795621,11001550
7,500,1615007886825340,9684935
7,500,1615007886844380,11518093
7,500,1615007886911343,13241190
7,500,1615007886961947,11072682
7,500,1615007886970860,11263038
7,500,1615007886973915,13193516
7,500,1615007887017568,8810859
7,500,1615007887017737,9055828
7,500,1615007887053172,13175680
7,500,1615007887061566,11567312
7,500,1615007887107312,13199104
7,500,1615007887190881,13266392
7,500,1615007887218642,12041554
7,500,1615007887253610,13239194
7,500,1615007887255067,11341169
7,500,1615007887264258,8927517
7,500,1615007887268341,12534286
7,500,1615007887276491,13155762
7,500,1615007887297524,13115820
7,500,1615007887311563,13190253
7,500,1615007887330265,13087616
7,500,1615007887348280,13083145
7,500,1615007887349343,10143183
7,500,1615007887386217,13104594
7,500,1615007887414953,13121590
7,500,1615007887455256,13099472
7,500,1615007887469608,9476661
7,500,1615007887520025,11688706
7,500,1615007887520727,9177615
7,500,1615007887540525,9465116
7,500,1615007887540781,11734227
7,500,1615007887541236,12213768
7,500,1615007887566851,12005341
7,500,1615007887621315,9187905
7,500,1615007887629156,11696559
7,500,1615007887668903,12913146
7,500,1615007887681785,12454037
7,500,1615007887698035,9245181
7,500,1615007887701871,9481473
7,500,1615007887735427,13515482
7,500,1615007887739753,10527122
7,500,1615007887746578,9178203
7,500,1615007887757637,13347609
7,500,1615007887794473,9209513
7,500,1615007887794646,8998526
7,500,1615007887811970,8971239
7,500,1615007887838304,8936588
7,500,1615007887842184,11768531
7,500,1615007887866978,8936243
7,500,1615007887895319,12192167
7,500,1615007887895420,8914640
7,500,1615007887907449,8895670
7,500,1615007887921952,9619249
7,500,1615007887927002,8765336
7,500,1615007887941210,12089963
7,500,1615007887941458,11934119
7,500,1615007887945399,12499704
7,500,1615007888024362,12755268
7,500,1615007888025265,10656792
7,500,1615007888026201,8761533
7,500,1615007888026542,13202037
7,500,1615007888037257,13745650
7,500,1615007888092572,9583205
7,500,1615007888118561,12022462
7,500,1615007888190834,12091648
7,500,1615007888207570,8942216
7,500,1615007888213426,13777362
7,500,1615007888231225,13362590
7,500,1615007888233751,10856689
7,500,1615007888254020,13959746
7,500,1615007888260878,12505197
7,500,1615007888267377,8970196
7,500,1615007888298756,9694046
7,500,1615007888315878,12869489
7,500,1615007888320529,13050918
7,500,1615007888325759,8984761
7,500,1615007888350528,10934175
7,500,1615007888386920,13469661
7,500,1615007888388687,12428309
7,500,1615007888390757,9048980
7,500,1615007888439635,14030302
7,500,1615007888483810,9130621
7,500,1615007888515606,9097323
7,500,1615007888515757,12340929
7,500,1615007888546207,11059840
7,500,1615007888563206,13609835
7,500,1615007888566859,9046153
7,500,1615007888567173,12432775
7,500,1615007888569875,14145107
7,500,1615007888610866,11124084
7,500,1615007888634493,13670013
7,500,1615007888638786,14197125
7,500,1615007888649513,9044408
7,500,1615007888686826,9052056
7,500,1615007888694711,11050019
7,500,1615007888730140,13744255
7,500,1615007888747658,14286424
7,500,1615007888747729,9077141
7,500,1615007888766693,11071970
7,500,1615007888771404,10834942
7,500,1615007888794203,10846881
7,500,1615007888832735,10841831
7,500,1615007888846807,10837405
7,500,1615007888847842,10226605
7,500,1615007888852090,10774046
7,500,1615007888867699,10711499
7,500,1615007888891282,10675130
7,500,1615007888902206,10660673
7,500,1615007888902651,10605512
7,500,1615007888923058,10618445
7,500,1615007888936219,12715111
7,500,1615007888978751,13531854
7,500,1615007888989166,12950903
7,500,1615007888990143,9141015
7,500,1615007888990249,13976379
7,500,1615007888990417,10346266
7,500,1615007889010726,12770907
7,500,1615007889023393,14323471
7,500,1615007889025003,10647621
7,500,1615007889035739,10374755
7,500,1615007889091058,12674032
7,500,1615007889152003,13682366
7,500,1615007889167618,13960091
7,500,1615007889167929,10440762
7,500,1615007889176455,13353897
7,500,1615007889211515,14511323
7,500,1615007889252946,10860905
7,500,1615007889371559,13903505
7,500,1615007889383427,14508406
7,500,1615007889383932,9533240
7,500,1615007889387247,14655588
7,500,1615007889403610,13240278
7,500,1615007889404018,13277877
7,500,1615007889480247,14745718
7,500,1615007889486063,10732442
7,500,1615007889552267,9667165
7,500,1615007889553994,13626229
7,500,1615007889615380,13046990
7,500,1615007889632961,14405395
7,500,1615007889640797,10873116
7,500,1615007889641305,11237915
7,500,1615007889665784,13974790
7,500,1615007889683110,10879433
7,500,1615007889710923,9762746
7,500,1615007889752164,14758135
7,500,1615007889796483,14304536
7,500,1615007889798923,13539651
7,500,1615007889805164,13590694
7,500,1615007889816809,10905968
7,500,1615007889841822,9802615
7,500,1615007889850471,13268474
7,500,1615007889872134,14644016
7,500,1615007889938405,15182421
7,500,1615007889961340,14265353
7,500,1615007889961455,13920158
7,500,1615007889982632,9941660
7,500,1615007890050616,14983532
7,500,1615007890055326,13837804
7,500,1615007890063100,14755451
7,500,1615007890063209,11151276
7,500,1615007890063307,14569703
7,500,1615007890063400,11646296
7,500,1615007890074973,13558394
7,500,1615007890075239,15318303
7,500,1615007890132446,14874584
7,500,1615007890192542,10127375
7,500,1615007890207865,14646187
7,500,1615007890208319,13934019
7,500,1615007890209185,13605785
7,500,1615007890214917,15457218
7,500,1615007890231002,14856245
7,500,1615007890279209,14084724
7,500,1615007890279319,15020720
7,500,1615007890306372,14574899
7,500,1615007890312167,15412723
7,500,1615007890314840,14024822
7,500,1615007890314973,14663272
7,500,1615007890347545,11422611
7,500,1615007890350965,15063227
7,500,1615007890404227,14712805
7,500,1615007890423042,14644254
7,500,1615007890430072,15492259
7,500,1615007890434915,14097487
7,500,1615007890450638,15083444
7,500,1615007890471886,10374542
7,500,1615007890508669,14646461
7,500,1615007890508921,14155272
7,500,1615007890519541,14704956
7,500,1615007890529765,14815361
7,500,1615007890577556,14689155
7,500,1615007890593956,15221640
7,500,1615007890598677,14231880
7,500,1615007890626554,10448402
7,500,1615007890626666,11552851
7,500,1615007890653444,10469121
7,500,1615007890655738,11923922
7,500,1615007890669577,11525588
7,500,1615007890672594,14029374
7,500,1615007890684702,13960297
7,500,1615007890696430,10459216
7,500,1615007890750523,14521073
7,500,1615007890805321,14916505
7,500,1615007890823217,11674667
7,500,1615007890823380,15811169
7,500,1615007890900543,10584636
7,500,1615007890903897,14527174
7,500,1615007890904391,15014782
7,500,1615007890904460,14179322
7,500,1615007890913153,15419976
7,500,1615007890916573,10548343
7,500,1615007890916652,11760030
7,500,1615007890917705,15137050
7,500,1615007890918927,14254483
7,500,1615007890919760,12128802
7,500,1615007890979853,15072928
7,500,1615007891019262,10639429
7,500,1615007891091312,15907336
7,500,1615007891099387,14353634
7,500,1615007891099646,15132997
7,500,1615007891139810,15645225
7,500,1615007891141467,11911013
7,500,1615007891154830,15218984
7,500,1615007891155054,14336872
7,500,1615007891155932,10635619
7,500,1615007891156448,10609323
7,500,1615007891156500,14853935
7,500,1615007891156650,15611848
7,500,1615007891187984,15885435
7,500,1615007891199429,15237472
7,500,1615007891199563,10624949
7,500,1615007891278829,14391480
7,500,1615007891289515,15728714
7,500,1615007891332722,14915160
7,500,1615007891332825,15292192
7,500,1615007891333091,12041940
7,500,1615007891333198,15506493
7,500,1615007891340340,15325945
7,500,1615007891340620,14376142
7,500,1615007891340708,12503414
7,500,1615007891340795,10732343
7,500,1615007891340927,10693253
7,500,1615007891354921,11966413
7,500,1615007891355448,14861886
7,500,1615007891355727,15931770
7,500,1615007891356398,10663072
7,500,1615007891372135,15129689
7,500,1615007891388410,14821085
7,500,1615007891388477,14806866
7,500,1615007891388704,15092745
7,500,1615007891402162,14730760
7,500,1615007891405731,15089248
7,500,1615007891406296,14799971
7,500,1615007891413435,14972774
7,500,1615007891423815,14781601
7,500,1615007891439361,14947308
7,500,1615007891445074,14754619
7,500,1615007891453581,14935922
7,500,1615007891458452,14701660
7,500,1615007891486712,14511476
7,500,1615007891514375,15924736
7,500,1615007891532579,12075804
7,500,1615007891550685,15239167
7,500,1615007891575737,10877944
7,500,1615007891576400,12581372
7,500,1615007891586187,15004863
7,500,1615007891604323,14596880
7,500,1615007891622249,12146391
7,500,1615007891641089,14945477
7,500,1615007891641480,15807672
7,500,1615007891657861,16214783
7,500,1615007891666689,15593350
7,500,1615007891670196,10924457
7,500,1615007891681599,15165541
7,500,1615007891704081,15969531
7,500,1615007891713255,14658035
7,500,1615007891736209,12095199
7,500,1615007891749392,10828994
7,500,1615007891754546,14943689
7,500,1615007891777057,12745421
7,500,1615007891789028,15648577
7,500,1615007891789301,15192039
7,500,1615007891789556,16320383
7,500,1615007891814321,15096944
7,500,1615007891816700,15975860
7,500,1615007891826589,12167656
7,500,1615007891846507,10787435
7,500,1615007891850405,14776896
7,500,1615007891902014,16114882
7,500,1615007891912986,15764133
7,500,1615007891913980,15250222
7,500,1615007891920774,16126863
7,500,1615007891930915,15647939
7,500,1615007891934051,10818406
7,500,1615007891959048,15650504
7,500,1615007891960924,16138830
7,500,1615007891974489,16133071
7,500,1615007891974977,15609982
7,500,1615007891979988,16117335
7,500,1615007891987873,16067589
7,500,1615007891989174,15573186
7,500,1615007892005597,15058296
7,500,1615007892020486,10895635
7,500,1615007892026093,15590945
7,500,1615007892039355,16463237
7,500,1615007892046737,15256125
7,500,1615007892046891,15442100
7,500,1615007892052342,16182278
7,500,1615007892072098,12995642
7,500,1615007892080674,12325541
7,500,1615007892081401,15320710
7,500,1615007892110452,16058342
7,500,1615007892176752,15344618
7,500,1615007892177199,16172653
7,500,1615007892177300,16600383
7,500,1615007892177336,15684470
7,500,1615007892177418,10865180
7,500,1615007892197700,15138185
7,500,1615007892197798,13040783
7,500,1615007892197880,15565183
7,500,1615007892197955,15102114
7,500,1615007892198007,15401074
7,500,1615007892209175,10864347
7,500,1615007892278346,13089042
7,500,1615007892280716,10901491
7,500,1615007892284094,16214097
7,500,1615007892285246,15356751
7,500,1615007892323675,16316752
7,500,1615007892324245,10748895
7,500,1615007892324599,15757578
7,500,1615007892325418,16742280
7,500,1615007892354565,15293868
7,500,1615007892354982,15663472
7,500,1615007892355557,15378997
7,500,1615007892389733,10813817
7,500,1615007892401177,12552404
7,500,1615007892428536,15485362
7,500,1615007892440418,10780626
7,500,1615007892450559,16339729
7,500,1615007892457456,10760421
7,500,1615007892457594,15854583
7,500,1615007892472578,16344545
7,500,1615007892477224,10671458
7,500,1615007892497471,15873502
7,500,1615007892537494,13029612
7,500,1615007892542401,16941353
7,500,1615007892555627,16526549
7,500,1615007892555912,10671133
7,500,1615007892566823,16419565
7,500,1615007892566938,15378442
7,500,1615007892573552,15545500
7,500,1615007892639794,15710916
7,500,1615007892645919,17011385
7,500,1615007892646411,10702527
7,500,1615007892654226,16007932
7,500,1615007892660914,12785699
7,500,1615007892696422,15527148
7,500,1615007892696650,15663087
7,500,1615007892739159,15503727
7,500,1615007892776527,12606391
7,500,1615007892848011,16806426
7,500,1615007892858301,10896296
7,500,1615007892872942,15934608
7,500,1615007892873247,15818534
7,500,1615007892887226,15542606
7,500,1615007892887358,15849598
7,500,1615007892909412,16679248
7,500,1615007892932972,15890124
7,500,1615007892933194,16754113
7,500,1615007892933290,15639960
7,500,1615007892933352,10958599
7,500,1615007892942343,16295259
7,500,1615007892942631,15965934
7,500,1615007892951742,16684545
7,500,1615007892962312,15901289
7,500,1615007892962579,15648247
7,500,1615007892969743,16647422
7,500,1615007892969834,15649080
7,500,1615007892969946,15875472
7,500,1615007892980822,15613004
7,500,1615007892980987,16539307
7,500,1615007892985372,15889133
7,500,1615007892985650,15561259
7,500,1615007892990819,12805496
7,500,1615007893001752,16411396
7,500,1615007893017300,15604455
7,500,1615007893017493,15553178
7,500,1615007893026453,16422296
7,500,1615007893032878,15558484
7,500,1615007893066366,15644064
7,500,1615007893076581,11004989
7,500,1615007893089180,15698075
7,500,1615007893129882,11037767
7,500,1615007893146895,13619763
7,500,1615007893197507,10952000
7,500,1615007893213299,16607814
7,500,1615007893226819,15732507
7,500,1615007893283505,16566674
7,500,1615007893284828,13006404
7,500,1615007893284956,17038649
7,500,1615007893284991,15854482
7,500,1615007893285110,17588678
7,500,1615007893295413,15794677
7,500,1615007893301780,16237049
7,500,1615007893302245,11056249
7,500,1615007893340373,13807280
7,500,1615007893353335,17530175
7,500,1615007893366634,15997938
7,500,1615007893366726,13028745
7,500,1615007893427063,16820959
7,500,1615007893427189,15854957
7,500,1615007893433298,11149548
7,500,1615007893462067,15919069
7,500,1615007893462191,17205487
7,500,1615007893477393,16412389
7,500,1615007893480071,13122719
7,500,1615007893508164,13961205
7,500,1615007893513659,16795644
7,500,1615007893523464,15914486
7,500,1615007893546422,13156821
7,500,1615007893573699,16836261
7,500,1615007893573876,17278315
7,500,1615007893575513,13940174
7,500,1615007893614196,17277174
7,500,1615007893625568,16178367
7,500,1615007893639873,16784631
7,500,1615007893647732,13982647
7,500,1615007893667979,17305532
7,500,1615007893674183,16128617
7,500,1615007893674458,13977267
7,500,1615007893679788,16675602
7,500,1615007893699384,17336522
7,500,1615007893722733,16640907
7,500,1615007893776995,11448892
7,500,1615007893778411,17953713
7,500,1615007893831214,14025777
7,500,1615007893840287,17100408
7,500,1615007893850107,17980553
7,500,1615007893868280,16229177
7,500,1615007893899560,13487559
7,500,1615007893904873,11467110
7,500,1615007893954246,16352522
7,500,1615007893986166,17470760
7,500,1615007894013979,16337973
7,500,1615007894056014,11605194
7,500,1615007894070622,16873962
7,500,1615007894071056,13635650
7,500,1615007894091503,16996682
7,500,1615007894092554,17255757
7,500,1615007894097149,16449812
7,500,1615007894119716,14283807
7,500,1615007894147263,16389558
7,500,1615007894155137,18267601
7,500,1615007894166880,11661219
7,500,1615007894170729,16532207
7,500,1615007894263532,17695546
7,500,1615007894264571,11646852
7,500,1615007894265493,16582282
7,500,1615007894292288,13611661
7,500,1615007894300493,14371113
7,500,1615007894345185,11676256
7,500,1615007894347038,16571133
7,500,1615007894369723,17186775
7,500,1615007894381077,17092377
7,500,1615007894434313,16747940
7,500,1615007894434352,17469452
7,500,1615007894458661,13750777
7,500,1615007894527475,16716002
7,500,1615007894554924,11885131
7,500,1615007894641452,18710997
7,500,1615007894747032,16855513
7,500,1615007894750585,18144767
7,500,1615007894823782,17048087
7,500,1615007894834267,14896410
7,500,1615007894859327,14138802
7,500,1615007894931470,17702681
7,500,1615007894932829,16997476
7,500,1615007894934065,17637529
7,500,1615007894934548,12103644
7,500,1615007894977716,17086440
7,500,1615007894997456,14272430
7,500,1615007895017395,18046977
7,500,1615007895038809,17085456
7,500,1615007895047556,19083398
7,500,1615007895077691,15131187
7,500,1615007895084974,17189416
7,500,1615007895131238,17176164
7,500,1615007895141703,11970449
7,500,1615007895157064,18433717
7,500,1615007895180081,14381698
7,500,1615007895185415,17835157
7,500,1615007895236260,11880488
7,500,1615007895242014,17930457
7,500,1615007895281269,18296365
7,500,1615007895282646,14409899
7,500,1615007895283018,17311941
7,500,1615007895294051,15334479
7,500,1615007895312011,17283230
7,500,1615007895358978,11968931
7,500,1615007895382705,17473046
7,500,1615007895382861,18626459
7,500,1615007895391936,17917951
7,500,1615007895399684,17499556
7,500,1615007895399738,19410448
7,500,1615007895430507,17437053
7,500,1615007895443922,14552360
7,500,1615007895444034,18457894
7,500,1615007895458149,17928051
7,500,1615007895468274,17555102
7,500,1615007895468372,18667843
7,500,1615007895473415,12022334
7,500,1615007895501408,17463279
7,500,1615007895509532,18427282
7,500,1615007895534482,17866530
7,500,1615007895538360,18732008
7,500,1615007895541793,17559035
7,500,1615007895574627,18190966
7,500,1615007895580487,17493584
7,500,1615007895585641,18496951
7,500,1615007895586231,17580495
7,500,1615007895634249,17564244
7,500,1615007895634406,18536016
7,500,1615007895634475,17400347
7,500,1615007895640201,17379433
7,500,1615007895640352,17550001
7,500,1615007895646461,18533680
7,500,1615007895667892,17568715
7,500,1615007895682259,17377407
7,500,1615007895685472,18557212
7,500,1615007895685581,17656193
7,500,1615007895699056,14692273
7,500,1615007895712755,17543952
7,500,1615007895713003,15733253
7,500,1615007895753577,17289145
7,500,1615007895753962,12293468
7,500,1615007895755128,18584498
7,500,1615007895757031,17398990
7,500,1615007895757252,17387063
7,500,1615007895757592,19728240
7,500,1615007895774975,18562711
7,500,1615007895778950,17275593
7,500,1615007895779436,17401580
7,500,1615007895784626,18549599
7,500,1615007895798217,17112428
7,500,1615007895801642,17414056
7,500,1615007895822128,18507614
7,500,1615007895881123,17129945
7,500,1615007895882475,17368428
7,500,1615007895922111,18226066
7,500,1615007895922249,19061963
7,500,1615007895922641,17708025
7,500,1615007895926741,14797750
7,500,1615007895945294,17960807
7,500,1615007896000891,12526373
7,500,1615007896045483,16023514
7,500,1615007896059483,14924551
7,500,1615007896061008,18637140
7,500,1615007896062375,17798207
7,500,1615007896089300,17312464
7,500,1615007896089737,12601612
7,500,1615007896104284,19231139
7,500,1615007896121168,18398566
7,500,1615007896122495,20001060
7,500,1615007896295269,16180958
7,500,1615007896300594,17782833
7,500,1615007896302031,18828452
7,500,1615007896302838,17954596
7,500,1615007896336184,18904794
7,500,1615007896347500,15189470
7,500,1615007896347620,15063046
7,500,1615007896348498,12686329
7,500,1615007896350960,17455918
7,500,1615007896376066,18642735
7,500,1615007896377845,18332362
7,500,1615007896442359,19498660
7,500,1615007896460499,17982849
7,500,1615007896491242,19045866
7,500,1615007896493507,18283140
7,500,1615007896494428,17835389
7,500,1615007896514003,18021023
7,500,1615007896526716,17936624
7,500,1615007896542331,18999881
7,500,1615007896565388,18344770
7,500,1615007896579568,20421546
7,500,1615007896643293,12952001
7,500,1615007896671408,15383858
7,500,1615007896757203,19140198
7,500,1615007896857208,13158218
7,500,1615007896858182,16728727
7,500,1615007896884674,18262400
7,500,1615007896896126,19875404
7,500,1615007896930935,19197406
7,500,1615007896932305,19177208
7,500,1615007896958746,18062666
7,500,1615007896971486,15665228
7,500,1615007896973997,19683010
7,500,1615007896980782,18309327
7,500,1615007896997922,19452872
7,500,1615007897027882,13315442
7,500,1615007897030677,19254423
7,500,1615007897055375,18372024
7,500,1615007897060849,18115936
7,500,1615007897062168,15750892
7,500,1615007897079750,16927162
7,500,1615007897159410,18475176
7,500,1615007897202503,18517781
7,500,1615007897224661,19445102
7,500,1615007897249191,13481911
7,500,1615007897275755,18249438
7,500,1615007897366597,19083839
7,500,1615007897371312,16025085
7,500,1615007897382102,21178224
7,500,1615007897407515,17244249
7,500,1615007897412843,13605351
7,500,1615007897439870,18680648
7,500,1615007897464444,20116294
7,500,1615007897469883,19666345
7,500,1615007897484371,19913080
7,500,1615007897544536,19208299
7,500,1615007897552228,16138676
7,500,1615007897558113,13746915
7,500,1615007897558937,19986191
7,500,1615007897559400,19727253
7,500,1615007897596530,18471427
7,500,1615007897628986,18907111
7,500,1615007897721479,18937777
7,500,1615007897722533,18931187
7,500,1615007897734820,13910606
7,500,1615007897741782,17403339
7,500,1615007897760985,16317577
7,500,1615007897774266,18648910
7,500,1615007897775417,19358656
7,500,1615007897776866,20198571
7,500,1615007897780102,19972182
7,500,1615007897780224,21511050
7,500,1615007897796055,19873958
7,500,1615007897837064,16256450
7,500,1615007897844995,20439587
7,500,1615007897866364,17508642
7,500,1615007897890681,14061144
7,500,1615007897910875,21640001
7,500,1615007897914215,19091696
7,500,1615007897957179,17589784
7,500,1615007897957484,19127079
7,500,1615007897989446,21716913
7,500,1615007898018501,17591971
7,500,1615007898068868,17639550
7,500,1615007898069209,21700221
7,500,1615007898129143,21742315
7,500,1615007898166991,21770707
7,500,1615007898231770,21792778
7,500,1615007898231908,14366857
7,500,1615007898243531,21801512
7,500,1615007898278669,21799102
7,500,1615007898290218,20229530
7,500,1615007898321440,19003889
7,500,1615007898337855,20729508
7,500,1615007898383669,20902554
7,500,1615007898383957,17946163
7,500,1615007898417182,19583166
7,500,1615007898417501,16746395
7,500,1615007898437805,14563250
7,500,1615007898467129,21887312
7,500,1615007898490054,20586836
7,500,1615007898490374,20034673
7,500,1615007898552788,19705279
7,500,1615007898552941,19658084
7,500,1615007898553054,14616317
7,500,1615007898587838,16901971
7,500,1615007898609092,20674031
7,500,1615007898609528,21108009
7,500,1615007898609942,14578234
7,500,1615007898624394,20554777
7,500,1615007898624863,18128103
7,500,1615007898644113,14598597
7,500,1615007898661697,20203022
7,500,1615007898661759,16896031
7,500,1615007898662285,21000824
7,500,1615007898691920,22087441
7,500,1615007898692887,14595827
7,500,1615007898716404,19360730
7,500,1615007898717367,16937266
7,500,1615007898718876,14570250
7,500,1615007898744616,20271317
7,500,1615007898744822,16832929
7,500,1615007898745248,21015129
7,500,1615007898772213,22108901
7,500,1615007898772520,14588737
7,500,1615007898792945,16837267
7,500,1615007898795104,14581764
7,500,1615007898795224,16832876
7,500,1615007898812653,21941875
7,500,1615007898813463,21056584
7,500,1615007898855750,14589402
7,500,1615007898857073,14589037
7,500,1615007898857180,14422707
7,500,1615007898857530,14420275
7,500,1615007898858004,14400057
7,500,1615007898858090,20346613
7,500,1615007898897610,14411336
7,500,1615007898897807,14326319
7,500,1615007898897899,14306005
7,500,1615007898942127,14238971
7,500,1615007898942316,14230395
7,500,1615007898944059,14120594
7,500,1615007898944485,14098755
7,500,1615007898944696,19877164
7,500,1615007898987502,19578794
7,500,1615007898987628,20916895
7,500,1615007899039236,17058248
7,500,1615007899041816,19903602
7,500,1615007899052125,19608062
7,500,1615007899052413,20915648
7,500,1615007899052579,20115766
7,500,1615007899128619,14239734
7,500,1615007899130017,21318122
7,500,1615007899140065,22229424
7,500,1615007899140272,19997209
7,500,1615007899170560,20175914
7,500,1615007899171397,18652495
7,500,1615007899172773,14168014
7,500,1615007899189145,20665792
7,500,1615007899190403,19742842
7,500,1615007899190846,20984560
7,500,1615007899223547,21287458
7,500,1615007899224540,17179080
7,500,1615007899224674,21680143
7,500,1615007899272167,14222257
7,500,1615007899283155,20129687
7,500,1615007899322169,17273824
7,500,1615007899322309,22368707
7,500,1615007899344245,20214495
7,500,1615007899355932,21532576
7,500,1615007899369782,22314248
7,500,1615007899402089,19938259
7,500,1615007899405111,18777480
7,500,1615007899475284,20791545
7,500,1615007899475469,22418172
7,500,1615007899475601,17423199
7,500,1615007899488739,21140959
7,500,1615007899520906,14470301
7,500,1615007899526994,21784293
7,500,1615007899536397,22457882
7,500,1615007899536720,21541524
7,500,1615007899562539,18794266
7,500,1615007899562644,20405298
7,500,1615007899616338,17531152
7,500,1615007899616544,20416180
7,500,1615007899616657,20058222
7,500,1615007899616791,18798716
7,500,1615007899634078,17275394
7,500,1615007899634668,21239040
7,500,1615007899673584,17269816
7,500,1615007899682567,20400659
7,500,1615007899751913,18875082
7,500,1615007899752366,14686126
7,500,1615007899752501,20126149
7,500,1615007899753687,21916450
7,500,1615007899785765,14581973
7,500,1615007899789250,17332150
7,500,1615007899789981,21386093
7,500,1615007899791833,22046173
7,500,1615007899797239,21785412
7,500,1615007899798518,20472049
7,500,1615007899813120,17243975
7,500,1615007899813613,14517797
7,500,1615007899824535,20136449
7,500,1615007899824677,18915432
7,500,1615007899833451,21384496
7,500,1615007899833636,21981400
7,500,1615007899844452,20683144
7,500,1615007899854305,14520800
7,500,1615007899884238,21173858
7,500,1615007899893859,21847098
7,500,1615007899894229,20444001
7,500,1615007899904442,17204695
7,500,1615007899936361,18817678
7,500,1615007899936599,14597601
7,500,1615007899951419,20262080
7,500,1615007899951729,17193455
7,500,1615007899999638,21536631
7,500,1615007900072602,14733165
7,500,1615007900086951,22992900
7,500,1615007900128715,22250100
7,500,1615007900128796,20678079
7,500,1615007900140669,21981976
7,500,1615007900203803,17437873
7,500,1615007900213080,19025069
7,500,1615007900251703,21047975
7,500,1615007900312661,14960348
7,500,1615007900312776,20616185
7,500,1615007900334198,22481023
7,500,1615007900414968,17621090
7,500,1615007900415499,15035292
7,500,1615007900494742,22531549
7,500,1615007900520913,22344112
7,500,1615007900551639,22019590
7,500,1615007900552232,21331276
7,500,1615007900623621,19222606
7,500,1615007900634872,21885275
7,500,1615007900680522,21209067
7,500,1615007900683188,17804610
7,500,1615007900735971,15288197
7,500,1615007900746970,23557897
7,500,1615007900838403,21522693
7,500,1615007900870927,15417586
7,500,1615007900887143,21130995
7,500,1615007900897480,22598646
7,500,1615007900955498,23086131
7,500,1615007901005249,22984289
7,500,1615007901005736,22468965
7,500,1615007901005944,21432714
7,500,1615007901008509,22676603
7,500,1615007901008624,22984314
7,500,1615007901016726,18117466
7,500,1615007901036983,21705372
7,500,1615007901045301,15582538
7,500,1615007901066286,22153970
7,500,1615007901088909,22718426
7,500,1615007901089185,23005126
7,500,1615007901108260,19692954
7,500,1615007901125156,23907948
7,500,1615007901137016,21675989
7,500,1615007901137145,15658561
7,500,1615007901143430,18207660
7,500,1615007901166179,15668755
7,500,1615007901170481,23198888
7,500,1615007901191262,21417213
7,500,1615007901191367,22652720
7,500,1615007901214588,22499209
7,500,1615007901214705,21626974
7,500,1615007901266868,19839390
7,500,1615007901277215,18259075
7,500,1615007901283352,23143285
7,500,1615007901283587,21753573
7,500,1615007901321117,22740920
7,500,1615007901335712,21514875
7,500,1615007901357984,21765468
7,500,1615007901358373,22369735
7,500,1615007901376036,21604139
7,500,1615007901387407,15870687
7,500,1615007901388629,24143469
7,500,1615007901411885,23436735
7,500,1615007901467791,19939686
7,500,1615007901471174,15893241
7,500,1615007901507104,22758887
7,500,1615007901515283,22526478
7,500,1615007901521252,15928278
7,500,1615007901577771,18544627
7,500,1615007901587226,20050317
7,500,1615007901667733,16068002
7,500,1615007901671191,23530717
7,500,1615007901711171,22965470
7,500,1615007901736523,22905749
7,500,1615007901745369,21905453
7,500,1615007901753154,23762998
7,500,1615007901774568,23582082
7,500,1615007901781469,24439419
7,500,1615007901793403,16151223
7,500,1615007901801659,18743529
7,500,1615007901832400,22031062
7,500,1615007901832711,22223106
7,500,1615007901877187,18801119
7,500,1615007901906643,20309469
7,500,1615007901917663,22915525
7,500,1615007901924064,23933512
7,500,1615007901965314,23907611
7,500,1615007901966139,23828978
7,500,1615007901966245,22812322
7,500,1615007901967566,22794454
7,500,1615007901986111,23010246
7,500,1615007901988989,16280664
7,500,1615007902001919,22808876
7,500,1615007902002031,23737382
7,500,1615007902002333,22176530
7,500,1615007902003254,23854689
7,500,1615007902039388,16330721
7,500,1615007902045734,24676233
7,500,1615007902102091,22894067
7,500,1615007902102428,23293746
7,500,1615007902102529,19013205
7,500,1615007902102671,23895502
7,500,1615007902116889,22267317
7,500,1615007902131174,22786039
7,500,1615007902135344,23880001
7,500,1615007902140193,23878015
7,500,1615007902156582,22789192
7,500,1615007902174017,22805795
7,500,1615007902185896,23768484
7,500,1615007902195163,22654931
7,500,1615007902200126,23767193
7,500,1615007902257391,22548917
7,500,1615007902257519,16538250
7,500,1615007902307174,23990767
7,500,1615007902316691,23309801
7,500,1615007902322401,23484141
7,500,1615007902331156,23827572
7,500,1615007902333576,22773142
7,500,1615007902395648,23834474
7,500,1615007902402577,22754015
7,500,1615007902466627,20850169
7,500,1615007902539173,19413655
7,500,1615007902737801,22866918
7,500,1615007902754421,22998728
7,500,1615007902771591,17005218
7,500,1615007902783342,22908426
7,500,1615007903082256,24169595
7,500,1615007903088157,25713887
7,500,1615007903115198,23216898
7,500,1615007903122269,24181979
7,500,1615007903122607,23200732
7,500,1615007903137311,24820377
7,500,1615007903140979,24073680
7,500,1615007903242445,21608872
7,500,1615007903242711,20091027
7,500,1615007903313564,23430717
7,500,1615007903322572,24719337
7,500,1615007903325950,17514082
7,500,1615007903327553,23613160
7,500,1615007903444860,20284559
7,500,1615007903480227,17652948
7,500,1615007903554710,23532354
7,500,1615007903576022,23487075
7,500,1615007903591956,25241309
7,500,1615007903607086,24527149
7,500,1615007903640950,23869537
7,500,1615007903646457,25032621
7,500,1615007903650899,26268393
7,500,1615007903805743,23513331
7,500,1615007903806423,23488472
7,500,1615007903824416,23878165
7,500,1615007903841115,20640332
7,500,1615007903881154,23438268
7,500,1615007903881455,23426227
7,500,1615007903890845,23418724
7,500,1615007903920809,18040412
7,500,1615007903926869,23420669
7,500,1615007904001641,23398999
7,500,1615007904020019,22316065
7,500,1615007904058439,23414500
7,500,1615007904058608,23407302
7,500,1615007904120905,23373714
7,500,1615007904144822,23387552
7,500,1615007904192093,23433320
7,500,1615007904225774,18338272
7,500,1615007904226999,23453837
7,500,1615007904267951,25290015
7,500,1615007904269574,23392172
7,500,1615007904314572,23394498
7,500,1615007904350633,23424934
7,500,1615007904381076,21177731
7,500,1615007904387620,23461595
7,500,1615007904435463,23442866
7,500,1615007904471743,23468542
7,500,1615007904503617,25365734
7,500,1615007904520643,23476577
7,500,1615007904567254,23514756
7,500,1615007904602907,26210402
7,500,1615007904619323,23564473
7,500,1615007904638325,25916069
7,500,1615007904639308,24526486
7,500,1615007904644548,24870000
7,500,1615007904657343,18715268
7,500,1615007904661829,24666830
7,500,1615007904677942,23571078
7,500,1615007904773521,21487315
7,500,1615007904776968,23658683
7,500,1615007904877947,23009719
7,500,1615007904911111,27472787
7,500,1615007904994507,23771841
7,500,1615007905218998,26106597
7,500,1615007905255015,19267534
7,500,1615007905259103,24023170
7,500,1615007905259416,24008825
7,500,1615007905269344,25986813
7,500,1615007905340117,21930425
7,500,1615007905342857,24062851
7,500,1615007905412199,19367832
7,500,1615007905419259,27015577
7,500,1615007905420511,24119685
7,500,1615007905460415,25331603
7,500,1615007905478700,25470545
7,500,1615007905520084,23625667
7,500,1615007905580414,26669151
7,500,1615007905583025,25757621
7,500,1615007905584603,19529087
7,500,1615007905595598,22185434
7,500,1615007905642267,27962485
7,500,1615007905691309,26495695
7,500,1615007905826100,26522184
7,500,1615007905826189,19709758
7,500,1615007905826809,22408554
7,500,1615007905826863,25674553
7,500,1615007905849355,25824066
7,500,1615007905915446,27503289
7,500,1615007905960410,23968866
7,500,1615007905967581,24663017
7,500,1615007906069013,19832479
7,500,1615007906261529,27275464
7,500,1615007906275315,27064004
7,500,1615007906279650,28597793
7,500,1615007906284738,22761542
7,500,1615007906286162,26128612
7,500,1615007906286897,25856428
7,500,1615007906301160,26453180
7,500,1615007906303201,26820838
7,500,1615007906387757,20062893
7,500,1615007906388153,27728725
7,500,1615007906388894,24363446
7,500,1615007906515633,25200426
7,500,1615007906534517,27297517
7,500,1615007906608120,26437568
7,500,1615007906611915,26121403
7,500,1615007906642968,27401318
7,500,1615007906662120,23036249
7,500,1615007906663261,26484645
7,500,1615007906667374,20275706
7,500,1615007906669522,25981140
7,500,1615007906675357,27009337
7,500,1615007906703728,27411172
7,500,1615007906725258,27986760
7,500,1615007906733726,26884037
7,500,1615007906744938,26531581
7,500,1615007906758273,27684844
7,500,1615007906763306,27387275
7,500,1615007906765756,26031890
7,500,1615007906828222,26068116
7,500,1615007906847823,26624334
7,500,1615007906848250,27427560
7,500,1615007906891050,27395093
7,500,1615007906894045,26016057
7,500,1615007906907249,26583668
7,500,1615007906944223,26017907
7,500,1615007906945137,26471910
7,500,1615007906977986,27376315
7,500,1615007907003643,26489350
7,500,1615007907003828,26051140
7,500,1615007907045874,27327721
7,500,1615007907057284,25732113
7,500,1615007907071059,25036333
7,500,1615007907106694,20576706
7,500,1615007907142191,26531020
7,500,1615007907142659,26188598
7,500,1615007907186542,29497152
7,500,1615007907193198,25865826
7,500,1615007907229802,27489706
7,500,1615007907238299,23608536
7,500,1615007907247523,25877710
7,500,1615007907425532,23792172
7,500,1615007907425695,25950058
7,500,1615007907515157,27844978
7,500,1615007907519651,28779795
7,500,1615007907527937,20918513
7,500,1615007907611936,23835260
7,500,1615007907694213,23917148
7,500,1615007907754207,27138213
7,500,1615007907777338,26800965
7,500,1615007907780238,27909024
7,500,1615007907801597,23994483
7,500,1615007907922888,28835074
7,500,1615007907946016,25897257
7,500,1615007907956063,28057422
7,500,1615007907961512,24104735
7,500,1615007908009798,21377276
7,500,1615007908018294,30261828
7,500,1615007908048089,26555368
7,500,1615007908262583,27447141
7,500,1615007908304785,28615950
7,500,1615007908307491,29516969
7,500,1615007908309003,27282897
7,500,1615007908336235,28428288
7,500,1615007908336645,26744950
7,500,1615007908337024,24420151
7,500,1615007908337475,21645141
7,500,1615007908363857,26306436
7,500,1615007908391480,29298207
7,500,1615007908394206,28482419
7,500,1615007908420785,21665751
7,500,1615007908536867,29670902
7,500,1615007908544261,30705986
7,500,1615007908568906,26885043
7,500,1615007908581365,24523575
7,500,1615007908595584,24499366
7,500,1615007908601237,21739808
7,500,1615007908619862,28905077
7,500,1615007908684734,21802822
7,500,1615007908867109,28049877
7,500,1615007908869772,27823260
7,500,1615007908998694,26787005
7,500,1615007909202658,27389900
7,500,1615007909375229,30479551
7,500,1615007909376621,30464994
7,500,1615007909377091,29638114
7,500,1615007909377780,28485326
7,500,1615007909378232,27093285
7,500,1615007909378875,28188227
7,500,1615007909386318,29244239
7,500,1615007909404638,27570650
7,500,1615007909411157,25283526
7,500,1615007909412301,29480273
7,500,1615007909412853,22499583
7,500,1615007909413021,22469046
7,500,1615007909441113,31571038
7,500,1615007909464171,29714887
7,500,1615007909484502,25336373
7,500,1615007909492064,30386170
7,500,1615007909686946,22465185
7,500,1615007909692193,22447536
7,500,1615007909711486,29554726
7,500,1615007909808103,27881185
7,500,1615007910010843,27594478
7,500,1615007910112010,25831229
7,500,1615007910127871,30182470
7,500,1615007910287995,30514864
7,500,1615007910292759,32422186
7,500,1615007910310586,29278962
7,500,1615007910332045,29049465
7,500,1615007910390001,31226575
7,500,1615007910422105,23155729
7,500,1615007910605464,26265475
7,500,1615007910642486,31524604
7,500,1615007910650498,28694344
7,500,1615007910676509,23323640
7,500,1615007910818908,30838420
7,500,1615007910858195,30606583
7,500,1615007910874125,28440082
7,500,1615007911042649,33120219
7,500,1615007911059139,29092612
7,500,1615007911062718,23669923
7,500,1615007911080573,31274441
7,500,1615007911233082,26865584
7,500,1615007911233419,30196096
7,500,1615007911234039,29921499
7,500,1615007911257379,32099518
7,500,1615007911257850,23826681
7,500,1615007911258422,32083124
7,500,1615007911314686,26931558
7,500,1615007911396429,28905907
7,500,1615007911415120,29428804
7,500,1615007911416071,23791225
7,500,1615007911417402,26959068
7,500,1615007911418600,31416784
7,500,1615007911584729,27018981
7,500,1615007911663070,31398880
7,500,1615007911691582,30632786
7,500,1615007911699589,30357866
7,500,1615007911768640,31929536
7,500,1615007911786311,27193465
7,500,1615007911794027,24156274
7,500,1615007911794502,32574849
7,500,1615007911858733,29859904
7,500,1615007911903314,32625915
7,500,1615007912007799,29297215
7,500,1615007912088143,34140480
7,500,1615007912102135,32014354
7,500,1615007912138115,24490410
7,500,1615007912198080,30729110
7,500,1615007912227343,31908986
7,500,1615007912262371,24569114
7,500,1615007912287989,27684833
7,500,1615007912294666,30279309
7,500,1615007912382070,33066764
7,500,1615007912412606,31301913
7,500,1615007912440474,24702633
7,500,1615007912441463,27836245
7,500,1615007912474530,29754359
7,500,1615007912514269,33175636
7,500,1615007912514916,32417159
7,500,1615007912630016,32780798
7,500,1615007912646266,31469166
7,500,1615007912651935,34676235
7,500,1615007912660229,24916427
7,500,1615007912662697,30591499
7,500,1615007912726903,28105464
7,500,1615007912757100,31179316
7,500,1615007912757582,32389785
7,500,1615007912935341,25183040
7,500,1615007912939917,33607795
7,500,1615007912986829,30128986
7,500,1615007913186143,33824262
7,500,1615007913219412,33253514
7,500,1615007913247964,30988942
7,500,1615007913290242,25509123
7,500,1615007913392276,32199114
7,500,1615007913403764,33286788
7,500,1615007913550229,33045987
7,500,1615007913554320,31942332
7,500,1615007913559977,35489556
7,500,1615007913560441,31174955
7,500,1615007913567733,28888161
7,500,1615007913653454,30776221
7,500,1615007913678228,34236176
7,500,1615007913715462,25907997
7,500,1615007913735638,33670982
7,500,1615007913948006,25943337
7,500,1615007913950907,34319936
7,500,1615007914015926,32370188
7,500,1615007914016241,33338074
7,500,1615007914021486,32724225
7,500,1615007914063082,29367410
7,500,1615007914082780,26045233
7,500,1615007914087470,34632544
7,500,1615007914090501,33974036
7,500,1615007914109968,31201825
7,500,1615007914174610,31687403
7,500,1615007914355496,34146848
7,500,1615007914357625,26214396
7,500,1615007914421724,33102364
7,500,1615007914464448,36114201
7,500,1615007914516269,31534344
7,500,1615007914583132,32026881
7,500,1615007914628311,34922485
7,500,1615007914654313,32886530
7,500,1615007914670778,29927746
7,500,1615007914684589,33970055
7,500,1615007914685382,36159647
7,500,1615007914685751,32118538
7,500,1615007914731774,26583147
7,500,1615007915322834,35085991
7,500,1615007915323305,35174053
7,500,1615007915323406,35841357
7,500,1615007915442751,35638146
7,500,1615007915442829,27285581
7,500,1615007915442917,27285028
7,500,1615007915687601,34815036
7,500,1615007915689591,30843648
7,500,1615007915693062,33114183
7,500,1615007915694050,33090244
7,500,1615007915694357,27530778
7,500,1615007915842702,34406675
7,500,1615007915842882,33082857
7,500,1615007915842982,32809575
7,500,1615007915843126,33952421
7,500,1615007915894834,35605877
7,500,1615007915894868,36374510
7,500,1615007915894942,37346478
7,500,1615007915894974,27455723
7,500,1615007915895032,35667345
7,500,1615007915944855,31081725
7,500,1615007916205437,36378831
7,500,1615007916205773,32818664
7,500,1615007916206358,27722077
7,500,1615007916206683,27583931
7,500,1615007916592393,35594102
7,500,1615007916593977,35124701
7,500,1615007916594070,31513616
7,500,1615007916594102,36322589
7,500,1615007916594161,36821628
7,500,1615007916594191,33751818
